 Componentes en x del flujo de calor
   0.0000000E+00  9.9080884E-02  2.6661765E-01  6.7915442E-01
   0.0000000E+00  1.2970588E-01  2.8823530E-01  4.9000001E-01
   0.0000000E+00  1.3150735E-01  2.6661765E-01  3.9091912E-01
   0.0000000E+00  1.2970588E-01  2.5580883E-01  3.6029412E-01
 Componentes en y del flujo de calor
  -3.6029413E-01 -3.9091913E-01 -4.9000001E-01 -6.7915443E-01
  -2.5580883E-01 -2.6661765E-01 -2.8823530E-01 -2.6661765E-01
  -1.2970589E-01 -1.3150736E-01 -1.2970589E-01 -9.9080884E-02
   0.0000000E+00  0.0000000E+00  0.0000000E+00  0.0000000E+00
 Magnitud del flujo de calor
   3.6029413E-01  4.0328003E-01  5.5783957E-01  9.6046940E-01
   2.5580883E-01  2.9649383E-01  4.0762627E-01  5.5783957E-01
   1.2970589E-01  1.8597949E-01  2.9649383E-01  4.0328003E-01
   0.0000000E+00  1.2970588E-01  2.5580883E-01  3.6029412E-01
