   0.0000000000000000        6.7494343025392416        0.0000000000000000       -1.1349546823902820E-002
   56.799999999999997        3.2070137478626943      -0.34729613281142624        1.3118210029985927E-002
   67.299999999999997       0.21662835306880646        5.4121094106143103E-002  -3.3085857198649777E-003
   71.599999999999994       0.29734796616261794       -4.6129053205765734E-002   1.2875114404237184E-003
   71.200000000000003      -0.24182664844995211       -6.7312031287999419E-003   3.1942042229736716E-004
   68.400000000000006      -0.28004471981604773        2.9472356668102783E-003  -2.6419060083339300E-004
   65.599999999999994      -0.30136080891952338       -5.0577395384415313E-003   3.4910592186517453E-004
   62.399999999999999      -0.29669026232764290        5.5201698940732583E-003  -3.2800148513526136E-004
   59.600000000000001      -0.28645462002896627       -4.5166755510657420E-003   1.4941044923451571E-004
   56.399999999999999      -0.33196738638125539        1.0461060740081479E-005   1.4733895205827280E-004
   53.200000000000003      -0.28666593345591246        4.4748313081057513E-003  -3.2186802968411758E-004
   50.399999999999999      -0.29584082419556179       -5.3743304002282360E-003   3.2633935956818754E-004
   47.200000000000003      -0.30453266407151963        4.5137521946878546E-003  -1.7923689704053638E-004
   44.399999999999999      -0.26820673734014033       -9.1712578564040253E-004   2.3721694229124571E-006
   41.600000000000001      -0.28600672320158255       -8.4524905212615513E-004   4.9078861442279990E-006
   38.600000000000001      -0.30171795444161970       -6.9506773611277854E-004   1.1477733169357460E-004
   35.600000000000001      -0.28063301589291317        2.7826854142025299E-003  -2.4213145341446264E-004
   32.799999999999997      -0.29852225921445030       -4.5538976242557047E-003   3.0033184146270809E-004
   29.600000000000001      -0.29768219639192633        4.6362567245031528E-003   3.2656121940955496E-005
   27.100000000000001      -0.19403605755937212        5.6257372193141038E-003  -4.0901807067959583E-003
   21.500000000000000       -1.3321141674299928      -0.11830673819660335        3.9045128117690788E-003
   0.0000000000000000        7.8870063861208066E-314   0.0000000000000000        0.0000000000000000     
