   0.0000000000000000     
   13.092424474004529     
   25.678132328897661     
   37.250406945568010     
   47.302531704904162     
   55.327789987794745     
   60.904337577412228     
   64.289667829159484     
   66.067398369200404     
   66.823210294615279     
   67.142784702484420     
   67.591382668229016     
   68.360102466324690     
   69.312310330875846     
   70.300289758657968     
   71.176324246446455     
   71.794534913699763     
   72.091055270304736     
   72.115112325686752     
   71.924188854645678     
   71.575767631981350     
   71.127305770713519     
   70.625329123412556     
   70.088480178686453     
   69.531019914437962     
   68.967209308569821     
   68.411309338984751     
   67.873502139203424     
   67.346610105865565     
   66.818838113188647     
   66.278390997001608     
   65.713473593133330     
   65.114679557166198     
   64.489925588252817     
   63.854764654376261     
   63.224783084681100     
   62.615567208311909     
   62.041428345412946     
   61.499856491175564     
   60.976457587547749     
   60.456587542902753     
   59.925602265613819     
   59.369098750588066     
   58.781623424941827     
   58.169109492313886     
   57.538227594173087     
   56.895648371988266     
   56.248042268478564     
   55.602051522225139     
   54.964261204383270     
   54.341249471491608     
   53.739594480088776     
   53.165873590709872     
   52.622496188523037     
   52.097981842921236     
   51.577960299097604     
   51.048061302245330     
   50.493914597557556     
   49.903972823707029     
   49.285271373712696     
   48.652359036602604     
   48.019805696049588     
   47.402181235726445     
   46.812958838361702     
   46.252694396523552     
   45.713529525942668     
   45.187461941074289     
   44.666489356373660     
   44.142768144008770     
   43.612287249639671     
   43.074972965106795     
   42.530931199279316     
   41.980267861026455     
   41.423089456069086     
   40.859543131653339     
   40.289841976028619     
   39.714205108734461     
   39.132851649310389     
   38.546001346369295     
   37.954934950778593     
   37.364164095682412     
   36.778813177884309     
   36.204006594187838     
   35.644868741396614     
   35.104467882277532     
   34.575351327983419     
   34.046710228136682     
   33.507734280497182     
   32.947613182824846     
   32.357204566117929     
   31.742136349141795     
   31.115750208888723     
   30.491454886489830     
   29.882659123076291     
   29.302491263434678     
   28.758203585743644     
   28.251474060805624     
   27.783760667512663     
   27.356521384756753     
   26.969934557525040     
   26.554351626840827     
   25.935710572835827     
   24.931399475275743     
   23.358806413926217     
   21.035629639720010     
   17.874438793742460     
   14.015957893120520     
   9.6345094515154823     
   4.9044159825883122     
   7.1377578305731039E-307
