   0.0000000E+00  -1.1086626E+00   0.0000000E+00   1.0000000E+00
   5.0000000E-02  -1.0586626E+00   2.4365032E-02  -8.6035668E-02
   1.0000000E-01  -1.0086626E+00  -4.8058095E-04  -6.5641340E-01
   1.5000000E-01  -9.5866262E-01  -2.0135851E-02  -6.3892227E-02
   2.0000000E-01  -9.0866262E-01  -7.8247192E-03   4.4943598E-01
   2.5000000E-01  -8.5866262E-01   1.2813056E-02   2.9422091E-01
   3.0000000E-01  -8.0866262E-01   1.6761850E-02  -1.2439188E-01
   3.5000000E-01  -7.5866262E-01   4.2455504E-03  -3.2335026E-01
   4.0000000E-01  -7.0866262E-01  -1.0261279E-02  -2.2236537E-01
   4.5000000E-01  -6.5866262E-01  -1.5912546E-02  -2.6570314E-03
   5.0000000E-01  -6.0866262E-01  -1.1555210E-02   1.5925719E-01
   5.5000000E-01  -5.5866262E-01  -2.0633844E-03   2.0205272E-01
   6.0000000E-01  -5.0866262E-01   7.0788052E-03   1.5345540E-01
   6.5000000E-01  -4.5866262E-01   1.2672736E-02   6.8585350E-02
   7.0000000E-01  -4.0866262E-01   1.4060321E-02  -9.7896769E-03
   7.5000000E-01  -3.5866262E-01   1.2145801E-02  -6.1998971E-02
   8.0000000E-01  -3.0866262E-01   8.3375050E-03  -8.6177624E-02
   8.5000000E-01  -2.5866262E-01   3.8837970E-03  -8.9239550E-02
   9.0000000E-01  -2.0866262E-01  -3.8218329E-04  -8.0052225E-02
   9.5000000E-01  -1.5866262E-01  -4.0411051E-03  -6.5964760E-02
   1.0000000E+00  -1.0866262E-01  -6.9788865E-03  -5.1802101E-02
   1.0500000E+00  -5.8662625E-02  -9.2638881E-03  -4.0129305E-02
   1.1000000E+00  -8.6626245E-03  -1.1050381E-02  -3.1934831E-02
   1.1500000E+00   4.1337375E-02  -1.2516818E-02  -2.7294071E-02
   1.2000000E+00   9.1337375E-02  -1.3833181E-02  -2.5857495E-02
   1.2500000E+00   1.4133738E-01  -1.5147977E-02  -2.7152796E-02
   1.3000000E+00   1.9133738E-01  -1.6586572E-02  -3.0744202E-02
   1.3500000E+00   2.4133738E-01  -1.8254976E-02  -3.6299444E-02
   1.4000000E+00   2.9133738E-01  -2.0245554E-02  -4.3604672E-02
   1.4500000E+00   3.4133738E-01  -2.2642747E-02  -5.2554131E-02
   1.5000000E+00   3.9133738E-01  -2.5528004E-02  -6.3130268E-02
   1.5500000E+00   4.4133738E-01  -2.8983654E-02  -7.5382374E-02
   1.6000000E+00   4.9133738E-01  -3.3095755E-02  -8.9407261E-02
   1.6500000E+00   5.4133738E-01  -3.7956045E-02  -1.0533302E-01
   1.7000000E+00   5.9133738E-01  -4.3663171E-02  -1.2330576E-01
   1.7500000E+00   6.4133738E-01  -5.0323304E-02  -1.4347875E-01
   1.8000000E+00   6.9133738E-01  -5.8050268E-02  -1.6600343E-01
   1.8500000E+00   7.4133738E-01  -6.6965247E-02  -1.9102164E-01
   1.9000000E+00   7.9133738E-01  -7.7196136E-02  -2.1865881E-01
   1.9500000E+00   8.4133738E-01  -8.8876563E-02  -2.4901786E-01
   2.0000000E+00   8.9133738E-01  -1.0214462E-01  -2.8217362E-01
   2.0500000E+00   9.4133738E-01  -1.1714134E-01  -3.1816777E-01
   2.1000000E+00   9.9133738E-01  -1.3400889E-01  -3.5700440E-01
   2.1500000E+00   1.0413374E+00  -1.5288867E-01  -3.9864615E-01
   2.2000000E+00   1.0913374E+00  -1.7391905E-01  -4.4301112E-01
   2.2500000E+00   1.1413374E+00  -1.9723319E-01  -4.8997051E-01
   2.3000000E+00   1.1913374E+00  -2.2295658E-01  -5.3934730E-01
   2.3500000E+00   1.2413374E+00  -2.5120466E-01  -5.9091577E-01
   2.4000000E+00   1.2913374E+00  -2.8208035E-01  -6.4440211E-01
   2.4500000E+00   1.3413374E+00  -3.1567173E-01  -6.9948605E-01
   2.5000000E+00   1.3913374E+00  -3.5204975E-01  -7.5580350E-01
   2.5500000E+00   1.4413374E+00  -3.9126615E-01  -8.1295027E-01
   2.6000000E+00   1.4913374E+00  -4.3335153E-01  -8.7048660E-01
   2.6500000E+00   1.5413374E+00  -4.7831374E-01  -9.2794259E-01
   2.7000000E+00   1.5913374E+00  -5.2613649E-01  -9.8482436E-01
   2.7500000E+00   1.6413374E+00  -5.7677836E-01  -1.0406208E+00
   2.8000000E+00   1.6913374E+00  -6.3017206E-01  -1.0948106E+00
   2.8500000E+00   1.7413374E+00  -6.8622418E-01  -1.1468700E+00
   2.9000000E+00   1.7913374E+00  -7.4481517E-01  -1.1962801E+00
   2.9500000E+00   1.8413374E+00  -8.0579985E-01  -1.2425342E+00
   3.0000000E+00   1.8913374E+00  -8.6900813E-01  -1.2851456E+00
   3.0500000E+00   1.9413374E+00  -9.3424627E-01  -1.3236543E+00
   3.1000000E+00   1.9913374E+00  -1.0012983E+00  -1.3576332E+00
   3.1500000E+00   2.0413374E+00  -1.0699279E+00  -1.3866947E+00
   3.2000000E+00   2.0913374E+00  -1.1398803E+00  -1.4104948E+00
   3.2500000E+00   2.1413374E+00  -1.2108849E+00  -1.4287385E+00
   3.3000000E+00   2.1913374E+00  -1.2826577E+00  -1.4411826E+00
   3.3500000E+00   2.2413374E+00  -1.3549036E+00  -1.4476389E+00
   3.4000000E+00   2.2913374E+00  -1.4273197E+00  -1.4479753E+00
   3.4500000E+00   2.3413374E+00  -1.4995980E+00  -1.4421171E+00
   3.5000000E+00   2.3913374E+00  -1.5714280E+00  -1.4300469E+00
   3.5500000E+00   2.4413374E+00  -1.6425000E+00  -1.4118037E+00
   3.6000000E+00   2.4913374E+00  -1.7125072E+00  -1.3874810E+00
   3.6500000E+00   2.5413374E+00  -1.7811493E+00  -1.3572249E+00
   3.7000000E+00   2.5913374E+00  -1.8481342E+00  -1.3212306E+00
   3.7500000E+00   2.6413374E+00  -1.9131808E+00  -1.2797392E+00
   3.8000000E+00   2.6913374E+00  -1.9760213E+00  -1.2330335E+00
   3.8500000E+00   2.7413374E+00  -2.0364027E+00  -1.1814337E+00
   3.9000000E+00   2.7913374E+00  -2.0940890E+00  -1.1252925E+00
   3.9500000E+00   2.8413374E+00  -2.1488626E+00  -1.0649904E+00
   4.0000000E+00   2.8913374E+00  -2.2005255E+00  -1.0009308E+00
   4.0500000E+00   2.9413374E+00  -2.2489001E+00  -9.3353473E-01
   4.1000000E+00   2.9913374E+00  -2.2938306E+00  -8.6323607E-01
   4.1500000E+00   3.0413374E+00  -2.3351827E+00  -7.9047666E-01
   4.2000000E+00   3.0913374E+00  -2.3728447E+00  -7.1570169E-01
   4.2500000E+00   3.1413374E+00  -2.4067267E+00  -6.3935523E-01
   4.3000000E+00   3.1913374E+00  -2.4367613E+00  -5.6187616E-01
   4.3500000E+00   3.2413374E+00  -2.4629026E+00  -4.8369432E-01
   4.4000000E+00   3.2913374E+00  -2.4851260E+00  -4.0522704E-01
   4.4500000E+00   3.3413374E+00  -2.5034273E+00  -3.2687610E-01
   4.5000000E+00   3.3913374E+00  -2.5178219E+00  -2.4902495E-01
   4.5500000E+00   3.4413374E+00  -2.5283441E+00  -1.7203641E-01
   4.6000000E+00   3.4913374E+00  -2.5350456E+00  -9.6250714E-02
   4.6500000E+00   3.5413374E+00  -2.5379945E+00  -2.1983961E-02
   4.7000000E+00   3.5913374E+00  -2.5372742E+00   5.0473113E-02
   4.7500000E+00   3.6413374E+00  -2.5329817E+00   1.2085598E-01
   4.8000000E+00   3.6913374E+00  -2.5252271E+00   1.8892682E-01
   4.8500000E+00   3.7413374E+00  -2.5141311E+00   2.5447478E-01
   4.9000000E+00   3.7913374E+00  -2.4998247E+00   3.1731586E-01
   4.9500000E+00   3.8413374E+00  -2.4824472E+00   3.7729259E-01
   5.0000000E+00   3.8913374E+00  -2.4621453E+00   4.3427349E-01
   5.0500000E+00   3.9413374E+00  -2.4390715E+00   4.8815228E-01
   5.1000000E+00   3.9913374E+00  -2.4133831E+00   5.3884699E-01
   5.1500000E+00   4.0413374E+00  -2.3852408E+00   5.8629878E-01
   5.2000000E+00   4.0913374E+00  -2.3548079E+00   6.3047082E-01
   5.2500000E+00   4.1413374E+00  -2.3222486E+00   6.7134691E-01
   5.3000000E+00   4.1913374E+00  -2.2877280E+00   7.0893012E-01
   5.3500000E+00   4.2413374E+00  -2.2514101E+00   7.4324137E-01
   5.4000000E+00   4.2913374E+00  -2.2134577E+00   7.7431791E-01
   5.4500000E+00   4.3413374E+00  -2.1740313E+00   8.0221185E-01
   5.5000000E+00   4.3913374E+00  -2.1332885E+00   8.2698869E-01
   5.5500000E+00   4.4413374E+00  -2.0913831E+00   8.4872584E-01
   5.6000000E+00   4.4913374E+00  -2.0484650E+00   8.6751116E-01
   5.6500000E+00   4.5413374E+00  -2.0046795E+00   8.8344160E-01
   5.7000000E+00   4.5913374E+00  -1.9601667E+00   8.9662185E-01
   5.7500000E+00   4.6413374E+00  -1.9150613E+00   9.0716300E-01
   5.8000000E+00   4.6913374E+00  -1.8694924E+00   9.1518140E-01
   5.8500000E+00   4.7413374E+00  -1.8235831E+00   9.2079745E-01
   5.9000000E+00   4.7913374E+00  -1.7774506E+00   9.2413453E-01
   5.9500000E+00   4.8413374E+00  -1.7312055E+00   9.2531805E-01
   6.0000000E+00   4.8913374E+00  -1.6849525E+00   9.2447444E-01
   6.0500000E+00   4.9413374E+00  -1.6387897E+00   9.2173038E-01
   6.1000000E+00   4.9913374E+00  -1.5928090E+00   9.1721200E-01
   6.1500000E+00   5.0413374E+00  -1.5470960E+00   9.1104418E-01
   6.2000000E+00   5.0913374E+00  -1.5017300E+00   9.0334998E-01
   6.2500000E+00   5.1413374E+00  -1.4567844E+00   8.9425001E-01
   6.3000000E+00   5.1913374E+00  -1.4123264E+00   8.8386204E-01
   6.3500000E+00   5.2413374E+00  -1.3684177E+00   8.7230053E-01
   6.4000000E+00   5.2913374E+00  -1.3251141E+00   8.5967632E-01
   6.4500000E+00   5.3413374E+00  -1.2824660E+00   8.4609630E-01
   6.5000000E+00   5.3913374E+00  -1.2405186E+00   8.3166320E-01
   6.5500000E+00   5.4413374E+00  -1.1993122E+00   8.1647540E-01
   6.6000000E+00   5.4913374E+00  -1.1588821E+00   8.0062679E-01
   6.6500000E+00   5.5413374E+00  -1.1192590E+00   7.8420667E-01
   6.7000000E+00   5.5913374E+00  -1.0804695E+00   7.6729969E-01
   6.7500000E+00   5.6413374E+00  -1.0425358E+00   7.4998583E-01
   6.8000000E+00   5.6913374E+00  -1.0054764E+00   7.3234042E-01
   6.8500000E+00   5.7413374E+00  -9.6930610E-01   7.1443415E-01
   6.9000000E+00   5.7913374E+00  -9.3403623E-01   6.9633316E-01
   6.9500000E+00   5.8413374E+00  -8.9967499E-01   6.7809912E-01
   7.0000000E+00   5.8913374E+00  -8.6622757E-01   6.5978930E-01
   7.0500000E+00   5.9413374E+00  -8.3369642E-01   6.4145674E-01
   7.1000000E+00   5.9913374E+00  -8.0208144E-01   6.2315033E-01
   7.1500000E+00   6.0413374E+00  -7.7138019E-01   6.0491500E-01
   7.2000000E+00   6.0913374E+00  -7.4158806E-01   5.8679181E-01
   7.2500000E+00   6.1413374E+00  -7.1269850E-01   5.6881818E-01
   7.3000000E+00   6.1913374E+00  -6.8470318E-01   5.5102801E-01
   7.3500000E+00   6.2413374E+00  -6.5759213E-01   5.3345183E-01
   7.4000000E+00   6.2913374E+00  -6.3135396E-01   5.1611702E-01
   7.4500000E+00   6.3413374E+00  -6.0597599E-01   4.9904793E-01
   7.5000000E+00   6.3913374E+00  -5.8144437E-01   4.8226607E-01
   7.5500000E+00   6.4413374E+00  -5.5774427E-01   4.6579029E-01
   7.6000000E+00   6.4913374E+00  -5.3485996E-01   4.4963689E-01
   7.6500000E+00   6.5413374E+00  -5.1277497E-01   4.3381986E-01
   7.7000000E+00   6.5913374E+00  -4.9147217E-01   4.1835096E-01
   7.7500000E+00   6.6413374E+00  -4.7093390E-01   4.0323992E-01
   7.8000000E+00   6.6913374E+00  -4.5114208E-01   3.8849456E-01
   7.8500000E+00   6.7413374E+00  -4.3207825E-01   3.7412096E-01
   7.9000000E+00   6.7913374E+00  -4.1372371E-01   3.6012358E-01
   7.9500000E+00   6.8413374E+00  -3.9605957E-01   3.4650536E-01
   8.0000000E+00   6.8913374E+00  -3.7906682E-01   3.3326790E-01
   8.0500000E+00   6.9413374E+00  -3.6272642E-01   3.2041156E-01
   8.1000000E+00   6.9913374E+00  -3.4701932E-01   3.0793553E-01
   8.1500000E+00   7.0413374E+00  -3.3192656E-01   2.9583802E-01
   8.2000000E+00   7.0913374E+00  -3.1742926E-01   2.8411627E-01
   8.2500000E+00   7.1413374E+00  -3.0350872E-01   2.7276671E-01
   8.3000000E+00   7.1913374E+00  -2.9014645E-01   2.6178501E-01
   8.3500000E+00   7.2413374E+00  -2.7732417E-01   2.5116621E-01
   8.4000000E+00   7.2913374E+00  -2.6502387E-01   2.4090473E-01
   8.4500000E+00   7.3413374E+00  -2.5322784E-01   2.3099450E-01
   8.5000000E+00   7.3913374E+00  -2.4191868E-01   2.2142902E-01
   8.5500000E+00   7.4413374E+00  -2.3107931E-01   2.1220138E-01
   8.6000000E+00   7.4913374E+00  -2.2069303E-01   2.0330437E-01
   8.6500000E+00   7.5413374E+00  -2.1074349E-01   1.9473052E-01
   8.7000000E+00   7.5913374E+00  -2.0121472E-01   1.8647212E-01
   8.7500000E+00   7.6413374E+00  -1.9209115E-01   1.7852130E-01
   8.8000000E+00   7.6913374E+00  -1.8335759E-01   1.7087007E-01
   8.8500000E+00   7.7413374E+00  -1.7499928E-01   1.6351033E-01
   8.9000000E+00   7.7913374E+00  -1.6700184E-01   1.5643393E-01
   8.9500000E+00   7.8413374E+00  -1.5935130E-01   1.4963268E-01
   9.0000000E+00   7.8913374E+00  -1.5203412E-01   1.4309842E-01
   9.0500000E+00   7.9413374E+00  -1.4503715E-01   1.3682299E-01
   9.1000000E+00   7.9913374E+00  -1.3834764E-01   1.3079829E-01
   9.1500000E+00   8.0413374E+00  -1.3195327E-01   1.2501629E-01
   9.2000000E+00   8.0913374E+00  -1.2584210E-01   1.1946906E-01
   9.2500000E+00   8.1413374E+00  -1.2000258E-01   1.1414875E-01
   9.3000000E+00   8.1913374E+00  -1.1442357E-01   1.0904765E-01
   9.3500000E+00   8.2413374E+00  -1.0909429E-01   1.0415816E-01
   9.4000000E+00   8.2913374E+00  -1.0400435E-01   9.9472850E-02
   9.4500000E+00   8.3413374E+00  -9.9143726E-02   9.4984413E-02
   9.5000000E+00   8.3913374E+00  -9.4502749E-02   9.0685712E-02
   9.5500000E+00   8.4413374E+00  -9.0072109E-02   8.6569774E-02
   9.6000000E+00   8.4913374E+00  -8.5842839E-02   8.2629791E-02
   9.6500000E+00   8.5413374E+00  -8.1806308E-02   7.8859131E-02
   9.7000000E+00   8.5913374E+00  -7.7954212E-02   7.5251335E-02
   9.7500000E+00   8.6413374E+00  -7.4278565E-02   7.1800125E-02
   9.8000000E+00   8.6913374E+00  -7.0771691E-02   6.8499400E-02
   9.8500000E+00   8.7413374E+00  -6.7426216E-02   6.5343239E-02
   9.9000000E+00   8.7913374E+00  -6.4235054E-02   6.2325901E-02
   9.9500000E+00   8.8413374E+00  -6.1191405E-02   5.9441822E-02
   1.0000000E+01   8.8913374E+00  -5.8288741E-02   5.6685619E-02
   0.0000000E+00  -6.9314718E-01   0.0000000E+00   1.0000000E+00
   5.0000000E-02  -6.4314718E-01   4.1120075E-02   5.7624634E-01
   1.0000000E-01  -5.9314718E-01   5.4406102E-02  -3.5986595E-02
   1.5000000E-01  -5.4314718E-01   4.0803817E-02  -4.6256163E-01
   2.0000000E-01  -4.9314718E-01   1.3219133E-02  -5.9631779E-01
   2.5000000E-01  -4.4314718E-01  -1.5011725E-02  -5.0657639E-01
   3.0000000E-01  -3.9314718E-01  -3.5709515E-02  -3.1365965E-01
   3.5000000E-01  -3.4314718E-01  -4.6290429E-02  -1.1389489E-01
   4.0000000E-01  -2.9314718E-01  -4.7866951E-02   4.1611450E-02
   4.5000000E-01  -2.4314718E-01  -4.3119987E-02   1.3889948E-01
   5.0000000E-01  -1.9314718E-01  -3.4837441E-02   1.8512979E-01
   5.5000000E-01  -1.4314718E-01  -2.5210393E-02   1.9528528E-01
   6.0000000E-01  -9.3147181E-02  -1.5659297E-02   1.8433460E-01
   6.5000000E-01  -4.3147181E-02  -6.9322820E-03   1.6392146E-01
   7.0000000E-01   6.8528194E-03   7.0596649E-04   1.4177103E-01
   7.5000000E-01   5.6852819E-02   7.2913617E-03   1.2233019E-01
   8.0000000E-01   1.0685282E-01   1.3020614E-02   1.0774418E-01
   8.5000000E-01   1.5685282E-01   1.8159106E-02   9.8744147E-02
   9.0000000E-01   2.0685282E-01   2.2987657E-02   9.5306118E-02
   9.5000000E-01   2.5685282E-01   2.7776376E-02   9.7080894E-02
   1.0000000E+00   3.0685282E-01   3.2775294E-02   1.0364487E-01
   1.0500000E+00   3.5685282E-01   3.8214260E-02   1.1462870E-01
   1.1000000E+00   4.0685282E-01   4.4307228E-02   1.2977039E-01
   1.1500000E+00   4.5685282E-01   5.1258006E-02   1.4892582E-01
   1.2000000E+00   5.0685282E-01   5.9265939E-02   1.7205757E-01
   1.2500000E+00   5.5685282E-01   6.8530751E-02   1.9921450E-01
   1.3000000E+00   6.0685282E-01   7.9256283E-02   2.3050852E-01
   1.3500000E+00   6.5685282E-01   9.1653077E-02   2.6609207E-01
   1.4000000E+00   7.0685282E-01   1.0593987E-01   3.0613728E-01
   1.4500000E+00   7.5685282E-01   1.2234411E-01   3.5081744E-01
   1.5000000E+00   8.0685282E-01   1.4110158E-01   4.0029066E-01
   1.5500000E+00   8.5685282E-01   1.6245531E-01   4.5468537E-01
   1.6000000E+00   9.0685282E-01   1.8665373E-01   5.1408771E-01
   1.6500000E+00   9.5685282E-01   2.1394828E-01   5.7853052E-01
   1.7000000E+00   1.0068528E+00   2.4459051E-01   6.4798395E-01
   1.7500000E+00   1.0568528E+00   2.7882876E-01   7.2234771E-01
   1.8000000E+00   1.1068528E+00   3.1690446E-01   8.0144496E-01
   1.8500000E+00   1.1568528E+00   3.5904817E-01   8.8501800E-01
   1.9000000E+00   1.2068528E+00   4.0547551E-01   9.7272572E-01
   1.9500000E+00   1.2568528E+00   4.5638293E-01   1.0641430E+00
   2.0000000E+00   1.3068528E+00   5.1194356E-01   1.1587621E+00
   2.0500000E+00   1.3568528E+00   5.7230313E-01   1.2559957E+00
   2.1000000E+00   1.4068528E+00   6.3757611E-01   1.3551819E+00
   2.1500000E+00   1.4568528E+00   7.0784216E-01   1.4555914E+00
   2.2000000E+00   1.5068528E+00   7.8314295E-01   1.5564354E+00
   2.2500000E+00   1.5568528E+00   8.6347944E-01   1.6568759E+00
   2.3000000E+00   1.6068528E+00   9.4880968E-01   1.7560364E+00
   2.3500000E+00   1.6568528E+00   1.0390472E+00   1.8530144E+00
   2.4000000E+00   1.7068528E+00   1.1340599E+00   1.9468934E+00
   2.4500000E+00   1.7568528E+00   1.2336701E+00   2.0367568E+00
   2.5000000E+00   1.8068528E+00   1.3376541E+00   2.1217006E+00
   2.5500000E+00   1.8568528E+00   1.4457439E+00   2.2008466E+00
   2.6000000E+00   1.9068528E+00   1.5576286E+00   2.2733550E+00
   2.6500000E+00   1.9568528E+00   1.6729561E+00   2.3384368E+00
   2.7000000E+00   2.0068528E+00   1.7913367E+00   2.3953639E+00
   2.7500000E+00   2.0568528E+00   1.9123460E+00   2.4434799E+00
   2.8000000E+00   2.1068528E+00   2.0355286E+00   2.4822082E+00
   2.8500000E+00   2.1568528E+00   2.1604026E+00   2.5110595E+00
   2.9000000E+00   2.2068528E+00   2.2864637E+00   2.5296370E+00
   2.9500000E+00   2.2568528E+00   2.4131904E+00   2.5376412E+00
   3.0000000E+00   2.3068528E+00   2.5400485E+00   2.5348718E+00
   3.0500000E+00   2.3568528E+00   2.6664966E+00   2.5212293E+00
   3.1000000E+00   2.4068528E+00   2.7919905E+00   2.4967140E+00
   3.1500000E+00   2.4568528E+00   2.9159886E+00   2.4614241E+00
   3.2000000E+00   2.5068528E+00   3.0379567E+00   2.4155527E+00
   3.2500000E+00   2.5568528E+00   3.1573724E+00   2.3593829E+00
   3.3000000E+00   2.6068528E+00   3.2737297E+00   2.2932826E+00
   3.3500000E+00   2.6568528E+00   3.3865428E+00   2.2176974E+00
   3.4000000E+00   2.7068528E+00   3.4953501E+00   2.1331441E+00
   3.4500000E+00   2.7568528E+00   3.5997175E+00   2.0402022E+00
   3.5000000E+00   2.8068528E+00   3.6992412E+00   1.9395058E+00
   3.5500000E+00   2.8568528E+00   3.7935503E+00   1.8317349E+00
   3.6000000E+00   2.9068528E+00   3.8823088E+00   1.7176066E+00
   3.6500000E+00   2.9568528E+00   3.9652175E+00   1.5978667E+00
   3.7000000E+00   3.0068528E+00   4.0420147E+00   1.4732804E+00
   3.7500000E+00   3.0568528E+00   4.1124777E+00   1.3446247E+00
   3.8000000E+00   3.1068528E+00   4.1764224E+00   1.2126796E+00
   3.8500000E+00   3.1568528E+00   4.2337038E+00   1.0782212E+00
   3.9000000E+00   3.2068528E+00   4.2842154E+00   9.4201401E-01
   3.9500000E+00   3.2568528E+00   4.3278885E+00   8.0480509E-01
   4.0000000E+00   3.3068528E+00   4.3646913E+00   6.6731767E-01
   4.0500000E+00   3.3568528E+00   4.3946272E+00   5.3024619E-01
   4.1000000E+00   3.4068528E+00   4.4177338E+00   3.9425164E-01
   4.1500000E+00   3.4568528E+00   4.4340807E+00   2.5995776E-01
   4.2000000E+00   3.5068528E+00   4.4437676E+00   1.2794779E-01
   4.2500000E+00   3.5568528E+00   4.4469225E+00  -1.2380557E-03
   4.3000000E+00   3.6068528E+00   4.4436991E+00  -1.2710451E-01
   4.3500000E+00   3.6568528E+00   4.4342748E+00  -2.4920256E-01
   4.4000000E+00   3.7068528E+00   4.4188483E+00  -3.6713020E-01
   4.4500000E+00   3.7568528E+00   4.3976372E+00  -4.8053263E-01
   4.5000000E+00   3.8068528E+00   4.3708756E+00  -5.8910197E-01
   4.5500000E+00   3.8568528E+00   4.3388118E+00  -6.9257661E-01
   4.6000000E+00   3.9068528E+00   4.3017063E+00  -7.9074004E-01
   4.6500000E+00   3.9568528E+00   4.2598292E+00  -8.8341947E-01
   4.7000000E+00   4.0068528E+00   4.2134579E+00  -9.7048405E-01
   4.7500000E+00   4.0568528E+00   4.1628758E+00  -1.0518429E+00
   4.8000000E+00   4.1068528E+00   4.1083695E+00  -1.1274430E+00
   4.8500000E+00   4.1568528E+00   4.0502277E+00  -1.1972667E+00
   4.9000000E+00   4.2068528E+00   3.9887388E+00  -1.2613293E+00
   4.9500000E+00   4.2568528E+00   3.9241899E+00  -1.3196766E+00
   5.0000000E+00   4.3068528E+00   3.8568651E+00  -1.3723824E+00
   5.0500000E+00   4.3568528E+00   3.7870440E+00  -1.4195453E+00
   5.1000000E+00   4.4068528E+00   3.7150008E+00  -1.4612870E+00
   5.1500000E+00   4.4568528E+00   3.6410032E+00  -1.4977490E+00
   5.2000000E+00   4.5068528E+00   3.5653112E+00  -1.5290904E+00
   5.2500000E+00   4.5568528E+00   3.4881766E+00  -1.5554855E+00
   5.3000000E+00   4.6068528E+00   3.4098419E+00  -1.5771216E+00
   5.3500000E+00   4.6568528E+00   3.3305403E+00  -1.5941962E+00
   5.4000000E+00   4.7068528E+00   3.2504948E+00  -1.6069157E+00
   5.4500000E+00   4.7568528E+00   3.1699177E+00  -1.6154929E+00
   5.5000000E+00   4.8068528E+00   3.0890109E+00  -1.6201451E+00
   5.5500000E+00   4.8568528E+00   3.0079649E+00  -1.6210928E+00
   5.6000000E+00   4.9068528E+00   2.9269596E+00  -1.6185578E+00
   5.6500000E+00   4.9568528E+00   2.8461634E+00  -1.6127619E+00
   5.7000000E+00   5.0068528E+00   2.7657340E+00  -1.6039256E+00
   5.7500000E+00   5.0568528E+00   2.6858178E+00  -1.5922667E+00
   5.8000000E+00   5.1068528E+00   2.6065507E+00  -1.5779996E+00
   5.8500000E+00   5.1568528E+00   2.5280578E+00  -1.5613341E+00
   5.9000000E+00   5.2068528E+00   2.4504538E+00  -1.5424749E+00
   5.9500000E+00   5.2568528E+00   2.3738435E+00  -1.5216206E+00
   6.0000000E+00   5.3068528E+00   2.2983218E+00  -1.4989633E+00
   6.0500000E+00   5.3568528E+00   2.2239741E+00  -1.4746881E+00
   6.1000000E+00   5.4068528E+00   2.1508769E+00  -1.4489725E+00
   6.1500000E+00   5.4568528E+00   2.0790980E+00  -1.4219866E+00
   6.2000000E+00   5.5068528E+00   2.0086967E+00  -1.3938923E+00
   6.2500000E+00   5.5568528E+00   1.9397246E+00  -1.3648437E+00
   6.3000000E+00   5.6068528E+00   1.8722258E+00  -1.3349864E+00
   6.3500000E+00   5.6568528E+00   1.8062371E+00  -1.3044580E+00
   6.4000000E+00   5.7068528E+00   1.7417889E+00  -1.2733881E+00
   6.4500000E+00   5.7568528E+00   1.6789053E+00  -1.2418979E+00
   6.5000000E+00   5.8068528E+00   1.6176042E+00  -1.2101010E+00
   6.5500000E+00   5.8568528E+00   1.5578985E+00  -1.1781029E+00
   6.6000000E+00   5.9068528E+00   1.4997956E+00  -1.1460016E+00
   6.6500000E+00   5.9568528E+00   1.4432985E+00  -1.1138879E+00
   6.7000000E+00   6.0068528E+00   1.3884056E+00  -1.0818451E+00
   6.7500000E+00   6.0568528E+00   1.3351115E+00  -1.0499499E+00
   6.8000000E+00   6.1068528E+00   1.2834070E+00  -1.0182722E+00
   6.8500000E+00   6.1568528E+00   1.2332796E+00  -9.8687557E-01
   6.9000000E+00   6.2068528E+00   1.1847138E+00  -9.5581759E-01
   6.9500000E+00   6.2568528E+00   1.1376913E+00  -9.2515001E-01
   7.0000000E+00   6.3068528E+00   1.0921915E+00  -8.9491910E-01
   7.0500000E+00   6.3568528E+00   1.0481914E+00  -8.6516595E-01
   7.1000000E+00   6.4068528E+00   1.0056663E+00  -8.3592677E-01
   7.1500000E+00   6.4568528E+00   9.6458964E-01  -8.0723317E-01
   7.2000000E+00   6.5068528E+00   9.2493344E-01  -7.7911243E-01
   7.2500000E+00   6.5568528E+00   8.8666846E-01  -7.5158780E-01
   7.3000000E+00   6.6068528E+00   8.4976439E-01  -7.2467877E-01
   7.3500000E+00   6.6568528E+00   8.1419004E-01  -6.9840132E-01
   7.4000000E+00   6.7068528E+00   7.7991351E-01  -6.7276818E-01
   7.4500000E+00   6.7568528E+00   7.4690232E-01  -6.4778908E-01
   7.5000000E+00   6.8068528E+00   7.1512358E-01  -6.2347099E-01
   7.5500000E+00   6.8568528E+00   6.8454412E-01  -5.9981833E-01
   7.6000000E+00   6.9068528E+00   6.5513061E-01  -5.7683318E-01
   7.6500000E+00   6.9568528E+00   6.2684967E-01  -5.5451553E-01
   7.7000000E+00   7.0068528E+00   5.9966796E-01  -5.3286341E-01
   7.7500000E+00   7.0568528E+00   5.7355229E-01  -5.1187312E-01
   7.8000000E+00   7.1068528E+00   5.4846970E-01  -4.9153939E-01
   7.8500000E+00   7.1568528E+00   5.2438752E-01  -4.7185552E-01
   7.9000000E+00   7.2068528E+00   5.0127345E-01  -4.5281358E-01
   7.9500000E+00   7.2568528E+00   4.7909561E-01  -4.3440450E-01
   8.0000000E+00   7.3068528E+00   4.5782261E-01  -4.1661826E-01
   8.0500000E+00   7.3568528E+00   4.3742358E-01  -3.9944395E-01
   8.1000000E+00   7.4068528E+00   4.1786821E-01  -3.8286997E-01
   8.1500000E+00   7.4568528E+00   3.9912678E-01  -3.6688403E-01
   8.2000000E+00   7.5068528E+00   3.8117022E-01  -3.5147335E-01
   8.2500000E+00   7.5568528E+00   3.6397008E-01  -3.3662469E-01
   8.3000000E+00   7.6068528E+00   3.4749861E-01  -3.2232447E-01
   8.3500000E+00   7.6568528E+00   3.3172872E-01  -3.0855881E-01
   8.4000000E+00   7.7068528E+00   3.1663405E-01  -2.9531365E-01
   8.4500000E+00   7.7568528E+00   3.0218892E-01  -2.8257476E-01
   8.5000000E+00   7.8068528E+00   2.8836838E-01  -2.7032784E-01
   8.5500000E+00   7.8568528E+00   2.7514818E-01  -2.5855856E-01
   8.6000000E+00   7.9068528E+00   2.6250480E-01  -2.4725261E-01
   8.6500000E+00   7.9568528E+00   2.5041543E-01  -2.3639572E-01
   8.7000000E+00   8.0068528E+00   2.3885798E-01  -2.2597373E-01
   8.7500000E+00   8.0568528E+00   2.2781104E-01  -2.1597264E-01
   8.8000000E+00   8.1068528E+00   2.1725393E-01  -2.0637857E-01
   8.8500000E+00   8.1568528E+00   2.0716663E-01  -1.9717786E-01
   8.9000000E+00   8.2068528E+00   1.9752981E-01  -1.8835705E-01
   8.9500000E+00   8.2568528E+00   1.8832481E-01  -1.7990293E-01
   9.0000000E+00   8.3068528E+00   1.7953362E-01  -1.7180253E-01
   9.0500000E+00   8.3568528E+00   1.7113888E-01  -1.6404314E-01
   9.1000000E+00   8.4068528E+00   1.6312383E-01  -1.5661236E-01
   9.1500000E+00   8.4568528E+00   1.5547237E-01  -1.4949805E-01
   9.2000000E+00   8.5068528E+00   1.4816895E-01  -1.4268838E-01
   9.2500000E+00   8.5568528E+00   1.4119864E-01  -1.3617183E-01
   9.3000000E+00   8.6068528E+00   1.3454707E-01  -1.2993717E-01
   9.3500000E+00   8.6568528E+00   1.2820041E-01  -1.2397350E-01
   9.4000000E+00   8.7068528E+00   1.2214538E-01  -1.1827023E-01
   9.4500000E+00   8.7568528E+00   1.1636922E-01  -1.1281709E-01
   9.5000000E+00   8.8068528E+00   1.1085967E-01  -1.0760411E-01
   9.5500000E+00   8.8568528E+00   1.0560497E-01  -1.0262164E-01
   9.6000000E+00   8.9068528E+00   1.0059382E-01  -9.7860356E-02
   9.6500000E+00   8.9568528E+00   9.5815394E-02  -9.3311211E-02
   9.7000000E+00   9.0068528E+00   9.1259307E-02  -8.8965482E-02
   9.7500000E+00   9.0568528E+00   8.6915597E-02  -8.4814740E-02
   9.8000000E+00   9.1068528E+00   8.2774719E-02  -8.0850849E-02
   9.8500000E+00   9.1568528E+00   7.8827529E-02  -7.7065961E-02
   9.9000000E+00   9.2068528E+00   7.5065266E-02  -7.3452512E-02
   9.9500000E+00   9.2568528E+00   7.1479542E-02  -7.0003213E-02
   1.0000000E+01   9.3068528E+00   6.8062326E-02  -6.6711046E-02
   0.0000000E+00  -4.0047757E-01   0.0000000E+00   1.0000000E+00
   5.0000000E-02  -3.5047757E-01   4.4822369E-02   7.7147835E-01
   1.0000000E-01  -3.0047757E-01   7.6081949E-02   4.7747133E-01
   1.5000000E-01  -2.5047757E-01   9.3069170E-02   2.1117217E-01
   2.0000000E-01  -2.0047757E-01   9.8366982E-02   1.3183196E-02
   2.5000000E-01  -1.5047757E-01   9.5634207E-02  -1.1097815E-01
   3.0000000E-01  -1.0047757E-01   8.8305745E-02  -1.7330606E-01
   3.5000000E-01  -5.0477567E-02   7.9044864E-02  -1.9116627E-01
   4.0000000E-01  -4.7756660E-04   6.9657583E-02  -1.8077947E-01
   4.5000000E-01   4.9522433E-02   6.1226139E-02  -1.5467463E-01
   5.0000000E-01   9.9522433E-02   5.4307919E-02  -1.2136633E-01
   5.5000000E-01   1.4952243E-01   4.9122143E-02  -8.6008224E-02
   6.0000000E-01   1.9952243E-01   4.5695329E-02  -5.1304376E-02
   6.5000000E-01   2.4952243E-01   4.3962309E-02  -1.8341671E-02
   7.0000000E-01   2.9952243E-01   4.3830252E-02   1.2770592E-02
   7.5000000E-01   3.4952243E-01   4.5215731E-02   4.2458442E-02
   8.0000000E-01   3.9952243E-01   4.8063857E-02   7.1401008E-02
   8.5000000E-01   4.4952243E-01   5.2356360E-02   1.0036303E-01
   9.0000000E-01   4.9952243E-01   5.8113322E-02   1.3010291E-01
   9.5000000E-01   5.4952243E-01   6.5391569E-02   1.6132700E-01
   1.0000000E+00   5.9952243E-01   7.4281504E-02   1.9467021E-01
   1.0500000E+00   6.4952243E-01   8.4903352E-02   2.3069017E-01
   1.1000000E+00   6.9952243E-01   9.7403286E-02   2.6986750E-01
   1.1500000E+00   7.4952243E-01   1.1194963E-01   3.1260782E-01
   1.2000000E+00   7.9952243E-01   1.2872914E-01   3.5924360E-01
   1.2500000E+00   8.4952243E-01   1.4794340E-01   4.1003492E-01
   1.3000000E+00   8.9952243E-01   1.6980518E-01   4.6516898E-01
   1.3500000E+00   9.4952243E-01   1.9453475E-01   5.2475857E-01
   1.4000000E+00   9.9952243E-01   2.2235612E-01   5.8884003E-01
   1.4500000E+00   1.0495224E+00   2.5349316E-01   6.5737091E-01
   1.5000000E+00   1.0995224E+00   2.8816558E-01   7.3022795E-01
   1.5500000E+00   1.1495224E+00   3.2658492E-01   8.0720563E-01
   1.6000000E+00   1.1995224E+00   3.6895034E-01   8.8801572E-01
   1.6500000E+00   1.2495224E+00   4.1544454E-01   9.7228793E-01
   1.7000000E+00   1.2995224E+00   4.6622969E-01   1.0595720E+00
   1.7500000E+00   1.3495224E+00   5.2144354E-01   1.1493413E+00
   1.8000000E+00   1.3995224E+00   5.8119567E-01   1.2409976E+00
   1.8500000E+00   1.4495224E+00   6.4556411E-01   1.3338780E+00
   1.9000000E+00   1.4995224E+00   7.1459229E-01   1.4272624E+00
   1.9500000E+00   1.5495224E+00   7.8828639E-01   1.5203830E+00
   2.0000000E+00   1.5995224E+00   8.6661321E-01   1.6124345E+00
   2.0500000E+00   1.6495224E+00   9.4949859E-01   1.7025850E+00
   2.1000000E+00   1.6995224E+00   1.0368264E+00   1.7899882E+00
   2.1500000E+00   1.7495224E+00   1.1284379E+00   1.8737953E+00
   2.2000000E+00   1.7995224E+00   1.2241324E+00   1.9531672E+00
   2.2500000E+00   1.8495224E+00   1.3236675E+00   2.0272871E+00
   2.3000000E+00   1.8995224E+00   1.4267609E+00   2.0953718E+00
   2.3500000E+00   1.9495224E+00   1.5330922E+00   2.1566834E+00
   2.4000000E+00   1.9995224E+00   1.6423054E+00   2.2105392E+00
   2.4500000E+00   2.0495224E+00   1.7540119E+00   2.2563213E+00
   2.5000000E+00   2.0995224E+00   1.8677942E+00   2.2934847E+00
   2.5500000E+00   2.1495224E+00   1.9832093E+00   2.3215640E+00
   2.6000000E+00   2.1995224E+00   2.0997932E+00   2.3401794E+00
   2.6500000E+00   2.2495224E+00   2.2170650E+00   2.3490400E+00
   2.7000000E+00   2.2995224E+00   2.3345316E+00   2.3479470E+00
   2.7500000E+00   2.3495224E+00   2.4516923E+00   2.3367945E+00
   2.8000000E+00   2.3995224E+00   2.5680434E+00   2.3155694E+00
   2.8500000E+00   2.4495224E+00   2.6830828E+00   2.2843496E+00
   2.9000000E+00   2.4995224E+00   2.7963147E+00   2.2433011E+00
   2.9500000E+00   2.5495224E+00   2.9072535E+00   2.1926742E+00
   3.0000000E+00   2.5995224E+00   3.0154281E+00   2.1327982E+00
   3.0500000E+00   2.6495224E+00   3.1203860E+00   2.0640759E+00
   3.1000000E+00   2.6995224E+00   3.2216962E+00   1.9869763E+00
   3.1500000E+00   2.7495224E+00   3.3189529E+00   1.9020279E+00
   3.2000000E+00   2.7995224E+00   3.4117780E+00   1.8098110E+00
   3.2500000E+00   2.8495224E+00   3.4998234E+00   1.7109493E+00
   3.3000000E+00   2.8995224E+00   3.5827732E+00   1.6061025E+00
   3.3500000E+00   2.9495224E+00   3.6603454E+00   1.4959575E+00
   3.4000000E+00   2.9995224E+00   3.7322925E+00   1.3812207E+00
   3.4500000E+00   3.0495224E+00   3.7984029E+00   1.2626102E+00
   3.5000000E+00   3.0995224E+00   3.8585010E+00   1.1408485E+00
   3.5500000E+00   3.1495224E+00   3.9124473E+00   1.0166549E+00
   3.6000000E+00   3.1995224E+00   3.9601378E+00   8.9073929E-01
   3.6500000E+00   3.2495224E+00   4.0015041E+00   7.6379607E-01
   3.7000000E+00   3.2995224E+00   4.0365115E+00   6.3649838E-01
   3.7500000E+00   3.3495224E+00   4.0651588E+00   5.0949337E-01
   3.8000000E+00   3.3995224E+00   4.0874760E+00   3.8339780E-01
   3.8500000E+00   3.4495224E+00   4.1035234E+00   2.5879444E-01
   3.9000000E+00   3.4995224E+00   4.1133894E+00   1.3622894E-01
   3.9500000E+00   3.5495224E+00   4.1171887E+00   1.6207439E-02
   4.0000000E+00   3.5995224E+00   4.1150602E+00  -1.0080534E-01
   4.0500000E+00   3.6495224E+00   4.1071653E+00  -2.1438732E-01
   4.1000000E+00   3.6995224E+00   4.0936850E+00  -3.2415991E-01
   4.1500000E+00   3.7495224E+00   4.0748183E+00  -4.2978820E-01
   4.2000000E+00   3.7995224E+00   4.0507800E+00  -5.3098081E-01
   4.2500000E+00   3.8495224E+00   4.0217982E+00  -6.2748928E-01
   4.3000000E+00   3.8995224E+00   3.9881125E+00  -7.1910713E-01
   4.3500000E+00   3.9495224E+00   3.9499717E+00  -8.0566851E-01
   4.4000000E+00   3.9995224E+00   3.9076320E+00  -8.8704672E-01
   4.4500000E+00   4.0495224E+00   3.8613549E+00  -9.6315230E-01
   4.5000000E+00   4.0995224E+00   3.8114055E+00  -1.0339311E+00
   4.5500000E+00   4.1495224E+00   3.7580508E+00  -1.0993622E+00
   4.6000000E+00   4.1995224E+00   3.7015582E+00  -1.1594555E+00
   4.6500000E+00   4.2495224E+00   3.6421935E+00  -1.2142493E+00
   4.7000000E+00   4.2995224E+00   3.5802204E+00  -1.2638082E+00
   4.7500000E+00   4.3495224E+00   3.5158984E+00  -1.3082204E+00
   4.8000000E+00   4.3995224E+00   3.4494823E+00  -1.3475956E+00
   4.8500000E+00   4.4495224E+00   3.3812206E+00  -1.3820623E+00
   4.9000000E+00   4.4995224E+00   3.3113554E+00  -1.4117654E+00
   4.9500000E+00   4.5495224E+00   3.2401207E+00  -1.4368645E+00
   5.0000000E+00   4.5995224E+00   3.1677427E+00  -1.4575313E+00
   5.0500000E+00   4.6495224E+00   3.0944384E+00  -1.4739475E+00
   5.1000000E+00   4.6995224E+00   3.0204156E+00  -1.4863030E+00
   5.1500000E+00   4.7495224E+00   2.9458724E+00  -1.4947940E+00
   5.2000000E+00   4.7995224E+00   2.8709972E+00  -1.4996214E+00
   5.2500000E+00   4.8495224E+00   2.7959679E+00  -1.5009888E+00
   5.3000000E+00   4.8995224E+00   2.7209525E+00  -1.4991017E+00
   5.3500000E+00   4.9495224E+00   2.6461085E+00  -1.4941653E+00
   5.4000000E+00   4.9995224E+00   2.5715833E+00  -1.4863841E+00
   5.4500000E+00   5.0495224E+00   2.4975141E+00  -1.4759601E+00
   5.5000000E+00   5.0995224E+00   2.4240279E+00  -1.4630925E+00
   5.5500000E+00   5.1495224E+00   2.3512422E+00  -1.4479761E+00
   5.6000000E+00   5.1995224E+00   2.2792646E+00  -1.4308012E+00
   5.6500000E+00   5.2495224E+00   2.2081933E+00  -1.4117525E+00
   5.7000000E+00   5.2995224E+00   2.1381175E+00  -1.3910088E+00
   5.7500000E+00   5.3495224E+00   2.0691177E+00  -1.3687424E+00
   5.8000000E+00   5.3995224E+00   2.0012659E+00  -1.3451188E+00
   5.8500000E+00   5.4495224E+00   1.9346258E+00  -1.3202964E+00
   5.9000000E+00   5.4995224E+00   1.8692537E+00  -1.2944263E+00
   5.9500000E+00   5.5495224E+00   1.8051982E+00  -1.2676521E+00
   6.0000000E+00   5.5995224E+00   1.7425012E+00  -1.2401099E+00
   6.0500000E+00   5.6495224E+00   1.6811978E+00  -1.2119283E+00
   6.1000000E+00   5.6995224E+00   1.6213170E+00  -1.1832281E+00
   6.1500000E+00   5.7495224E+00   1.5628818E+00  -1.1541228E+00
   6.2000000E+00   5.7995224E+00   1.5059097E+00  -1.1247185E+00
   6.2500000E+00   5.8495224E+00   1.4504132E+00  -1.0951141E+00
   6.3000000E+00   5.8995224E+00   1.3964001E+00  -1.0654013E+00
   6.3500000E+00   5.9495224E+00   1.3438735E+00  -1.0356650E+00
   6.4000000E+00   5.9995224E+00   1.2928326E+00  -1.0059836E+00
   6.4500000E+00   6.0495224E+00   1.2432730E+00  -9.7642872E-01
   6.5000000E+00   6.0995224E+00   1.1951865E+00  -9.4706613E-01
   6.5500000E+00   6.1495224E+00   1.1485621E+00  -9.1795553E-01
   6.6000000E+00   6.1995224E+00   1.1033858E+00  -8.8915099E-01
   6.6500000E+00   6.2495224E+00   1.0596411E+00  -8.6070120E-01
   6.7000000E+00   6.2995224E+00   1.0173091E+00  -8.3264973E-01
   6.7500000E+00   6.3495224E+00   9.7636883E-01  -8.0503532E-01
   6.8000000E+00   6.3995224E+00   9.3679767E-01  -7.7789214E-01
   6.8500000E+00   6.4495224E+00   8.9857126E-01  -7.5125005E-01
   6.9000000E+00   6.4995224E+00   8.6166387E-01  -7.2513488E-01
   6.9500000E+00   6.5495224E+00   8.2604861E-01  -6.9956871E-01
   7.0000000E+00   6.5995224E+00   7.9169753E-01  -6.7457005E-01
   7.0500000E+00   6.6495224E+00   7.5858188E-01  -6.5015418E-01
   7.1000000E+00   6.6995224E+00   7.2667219E-01  -6.2633330E-01
   7.1500000E+00   6.7495224E+00   6.9593847E-01  -6.0311682E-01
   7.2000000E+00   6.7995224E+00   6.6635032E-01  -5.8051155E-01
   7.2500000E+00   6.8495224E+00   6.3787705E-01  -5.5852191E-01
   7.3000000E+00   6.8995224E+00   6.1048782E-01  -5.3715015E-01
   7.3500000E+00   6.9495224E+00   5.8415172E-01  -5.1639652E-01
   7.4000000E+00   6.9995224E+00   5.5883789E-01  -4.9625945E-01
   7.4500000E+00   7.0495224E+00   5.3451555E-01  -4.7673574E-01
   7.5000000E+00   7.0995224E+00   5.1115416E-01  -4.5782071E-01
   7.5500000E+00   7.1495224E+00   4.8872343E-01  -4.3950836E-01
   7.6000000E+00   7.1995224E+00   4.6719340E-01  -4.2179148E-01
   7.6500000E+00   7.2495224E+00   4.4653449E-01  -4.0466184E-01
   7.7000000E+00   7.2995224E+00   4.2671758E-01  -3.8811028E-01
   7.7500000E+00   7.3495224E+00   4.0771400E-01  -3.7212681E-01
   7.8000000E+00   7.3995224E+00   3.8949561E-01  -3.5670077E-01
   7.8500000E+00   7.4495224E+00   3.7203481E-01  -3.4182088E-01
   7.9000000E+00   7.4995224E+00   3.5530461E-01  -3.2747536E-01
   7.9500000E+00   7.5495224E+00   3.3927857E-01  -3.1365202E-01
   8.0000000E+00   7.5995224E+00   3.2393091E-01  -3.0033832E-01
   8.0500000E+00   7.6495224E+00   3.0923646E-01  -2.8752145E-01
   8.1000000E+00   7.6995224E+00   2.9517070E-01  -2.7518841E-01
   8.1500000E+00   7.7495224E+00   2.8170977E-01  -2.6332604E-01
   8.2000000E+00   7.7995224E+00   2.6883047E-01  -2.5192112E-01
   8.2500000E+00   7.8495224E+00   2.5651026E-01  -2.4096037E-01
   8.3000000E+00   7.8995224E+00   2.4472725E-01  -2.3043053E-01
   8.3500000E+00   7.9495224E+00   2.3346024E-01  -2.2031839E-01
   8.4000000E+00   7.9995224E+00   2.2268867E-01  -2.1061084E-01
   8.4500000E+00   8.0495224E+00   2.1239263E-01  -2.0129486E-01
   8.5000000E+00   8.0995224E+00   2.0255287E-01  -1.9235761E-01
   8.5500000E+00   8.1495224E+00   1.9315077E-01  -1.8378640E-01
   8.6000000E+00   8.1995224E+00   1.8416834E-01  -1.7556874E-01
   8.6500000E+00   8.2495224E+00   1.7558821E-01  -1.6769236E-01
   8.7000000E+00   8.2995224E+00   1.6739362E-01  -1.6014522E-01
   8.7500000E+00   8.3495224E+00   1.5956840E-01  -1.5291553E-01
   8.8000000E+00   8.3995224E+00   1.5209697E-01  -1.4599174E-01
   8.8500000E+00   8.4495224E+00   1.4496431E-01  -1.3936259E-01
   8.9000000E+00   8.4995224E+00   1.3815598E-01  -1.3301709E-01
   8.9500000E+00   8.5495224E+00   1.3165805E-01  -1.2694452E-01
   9.0000000E+00   8.5995224E+00   1.2545715E-01  -1.2113445E-01
   9.0500000E+00   8.6495224E+00   1.1954040E-01  -1.1557674E-01
   9.1000000E+00   8.6995224E+00   1.1389544E-01  -1.1026155E-01
   9.1500000E+00   8.7495224E+00   1.0851037E-01  -1.0517931E-01
   9.2000000E+00   8.7995224E+00   1.0337378E-01  -1.0032077E-01
   9.2500000E+00   8.8495224E+00   9.8474711E-02  -9.5676948E-02
   9.3000000E+00   8.8995224E+00   9.3802650E-02  -9.1239151E-02
   9.3500000E+00   8.9495224E+00   8.9347503E-02  -8.6998980E-02
   9.4000000E+00   8.9995224E+00   8.5099594E-02  -8.2948311E-02
   9.4500000E+00   9.0495224E+00   8.1049644E-02  -7.9079300E-02
   9.5000000E+00   9.0995224E+00   7.7188763E-02  -7.5384375E-02
   9.5500000E+00   9.1495224E+00   7.3508428E-02  -7.1856232E-02
   9.6000000E+00   9.1995224E+00   7.0000477E-02  -6.8487828E-02
   9.6500000E+00   9.2495224E+00   6.6657096E-02  -6.5272378E-02
   9.7000000E+00   9.2995224E+00   6.3470799E-02  -6.2203349E-02
   9.7500000E+00   9.3495224E+00   6.0434426E-02  -5.9274450E-02
   9.8000000E+00   9.3995224E+00   5.7541120E-02  -5.6479630E-02
   9.8500000E+00   9.4495224E+00   5.4784325E-02  -5.3813072E-02
   9.9000000E+00   9.4995224E+00   5.2157769E-02  -5.1269181E-02
   9.9500000E+00   9.5495224E+00   4.9655453E-02  -4.8842586E-02
   1.0000000E+01   9.5995224E+00   4.7271642E-02  -4.6528125E-02
   0.0000000E+00  -9.4310679E-02   0.0000000E+00   1.0000000E+00
   5.0000000E-02  -4.4310679E-02   4.6238377E-02   8.5065391E-01
   1.0000000E-01   5.6893205E-03   8.5397965E-02   7.2061676E-01
   1.5000000E-01   5.5689321E-02   1.1888196E-01   6.2513823E-01
   2.0000000E-01   1.0568932E-01   1.4856890E-01   5.6895565E-01
   2.5000000E-01   1.5568932E-01   1.7641935E-01   5.5129300E-01
   3.0000000E-01   2.0568932E-01   2.0428848E-01   5.6913007E-01
   3.5000000E-01   2.5568932E-01   2.3386583E-01   6.1908542E-01
   4.0000000E-01   3.0568932E-01   2.6668370E-01   6.9835168E-01
   4.5000000E-01   3.5568932E-01   3.0415662E-01   8.0505283E-01
   5.0000000E-01   4.0568932E-01   3.4762983E-01   9.3828416E-01
   5.5000000E-01   4.5568932E-01   3.9842543E-01   1.0979993E+00
   6.0000000E-01   5.0568932E-01   4.5788111E-01   1.2848378E+00
   6.5000000E-01   5.5568932E-01   5.2737988E-01   1.4999425E+00
   7.0000000E-01   6.0568932E-01   6.0837083E-01   1.7447867E+00
   7.5000000E-01   6.5568932E-01   7.0238175E-01   2.0210201E+00
   8.0000000E-01   7.0568932E-01   8.1102445E-01   2.3303332E+00
   8.5000000E-01   7.5568932E-01   9.3599376E-01   2.6743377E+00
   9.0000000E-01   8.0568932E-01   1.0790609E+00   3.0544603E+00
   9.5000000E-01   8.5568932E-01   1.2420619E+00   3.4718492E+00
   1.0000000E+00   9.0568932E-01   1.4268812E+00   3.9272896E+00
   1.0500000E+00   9.5568932E-01   1.6354322E+00   4.4211292E+00
   1.1000000E+00   1.0056893E+00   1.8696333E+00   4.9532144E+00
   1.1500000E+00   1.0556893E+00   2.1313812E+00   5.5228360E+00
   1.2000000E+00   1.1056893E+00   2.4225228E+00   6.1286866E+00
   1.2500000E+00   1.1556893E+00   2.7448238E+00   6.7688304E+00
   1.3000000E+00   1.2056893E+00   3.0999370E+00   7.4406862E+00
   1.3500000E+00   1.2556893E+00   3.4893700E+00   8.1410237E+00
   1.4000000E+00   1.3056893E+00   3.9144526E+00   8.8659744E+00
   1.4500000E+00   1.3556893E+00   4.3763061E+00   9.6110572E+00
   1.5000000E+00   1.4056893E+00   4.8758129E+00   1.0371217E+01
   1.5500000E+00   1.4556893E+00   5.4135896E+00   1.1140877E+01
   1.6000000E+00   1.5056893E+00   5.9899619E+00   1.1914004E+01
   1.6500000E+00   1.5556893E+00   6.6049444E+00   1.2684183E+01
   1.7000000E+00   1.6056893E+00   7.2582229E+00   1.3444704E+01
   1.7500000E+00   1.6556893E+00   7.9491422E+00   1.4188650E+01
   1.8000000E+00   1.7056893E+00   8.6766982E+00   1.4908999E+01
   1.8500000E+00   1.7556893E+00   9.4395353E+00   1.5598724E+01
   1.9000000E+00   1.8056893E+00   1.0235948E+01   1.6250891E+01
   1.9500000E+00   1.8556893E+00   1.1063890E+01   1.6858762E+01
   2.0000000E+00   1.9056893E+00   1.1920982E+01   1.7415893E+01
   2.0500000E+00   1.9556893E+00   1.2804535E+01   1.7916223E+01
   2.1000000E+00   2.0056893E+00   1.3711568E+01   1.8354160E+01
   2.1500000E+00   2.0556893E+00   1.4638830E+01   1.8724659E+01
   2.2000000E+00   2.1056893E+00   1.5582838E+01   1.9023284E+01
   2.2500000E+00   2.1556893E+00   1.6539901E+01   1.9246267E+01
   2.3000000E+00   2.2056893E+00   1.7506156E+01   1.9390551E+01
   2.3500000E+00   2.2556893E+00   1.8477608E+01   1.9453821E+01
   2.4000000E+00   2.3056893E+00   1.9450164E+01   1.9434524E+01
   2.4500000E+00   2.3556893E+00   2.0419673E+01   1.9331880E+01
   2.5000000E+00   2.4056893E+00   2.1381965E+01   1.9145873E+01
   2.5500000E+00   2.4556893E+00   2.2332885E+01   1.8877239E+01
   2.6000000E+00   2.5056893E+00   2.3268337E+01   1.8527441E+01
   2.6500000E+00   2.5556893E+00   2.4184314E+01   1.8098634E+01
   2.7000000E+00   2.6056893E+00   2.5076932E+01   1.7593624E+01
   2.7500000E+00   2.6556893E+00   2.5942464E+01   1.7015815E+01
   2.8000000E+00   2.7056893E+00   2.6777367E+01   1.6369155E+01
   2.8500000E+00   2.7556893E+00   2.7578307E+01   1.5658077E+01
   2.9000000E+00   2.8056893E+00   2.8342183E+01   1.4887434E+01
   2.9500000E+00   2.8556893E+00   2.9066145E+01   1.4062430E+01
   3.0000000E+00   2.9056893E+00   2.9747612E+01   1.3188559E+01
   3.0500000E+00   2.9556893E+00   3.0384282E+01   1.2271531E+01
   3.1000000E+00   3.0056893E+00   3.0974144E+01   1.1317213E+01
   3.1500000E+00   3.0556893E+00   3.1515481E+01   1.0331558E+01
   3.2000000E+00   3.1056893E+00   3.2006877E+01   9.3205459E+00
   3.2500000E+00   3.1556893E+00   3.2447213E+01   8.2901284E+00
   3.3000000E+00   3.2056893E+00   3.2835665E+01   7.2461698E+00
   3.3500000E+00   3.2556893E+00   3.3171700E+01   6.1943999E+00
   3.4000000E+00   3.3056893E+00   3.3455067E+01   5.1403684E+00
   3.4500000E+00   3.3556893E+00   3.3685787E+01   4.0894044E+00
   3.5000000E+00   3.4056893E+00   3.3864143E+01   3.0465818E+00
   3.5500000E+00   3.4556893E+00   3.3990661E+01   2.0166891E+00
   3.6000000E+00   3.5056893E+00   3.4066102E+01   1.0042053E+00
   3.6500000E+00   3.5556893E+00   3.4091441E+01   1.3279546E-02
   3.7000000E+00   3.6056893E+00   3.4067852E+01  -9.5228313E-01
   3.7500000E+00   3.6556893E+00   3.3996692E+01  -1.8890321E+00
   3.8000000E+00   3.7056893E+00   3.3879480E+01  -2.7938771E+00
   3.8500000E+00   3.7556893E+00   3.3717881E+01  -3.6640896E+00
   3.9000000E+00   3.8056893E+00   3.3513687E+01  -4.4973011E+00
   3.9500000E+00   3.8556893E+00   3.3268801E+01  -5.2914978E+00
   4.0000000E+00   3.9056893E+00   3.2985215E+01  -6.0450120E+00
   4.0500000E+00   3.9556893E+00   3.2664999E+01  -6.7565112E+00
   4.1000000E+00   4.0056893E+00   3.2310281E+01  -7.4249851E+00
   4.1500000E+00   4.0556893E+00   3.1923229E+01  -8.0497302E+00
   4.2000000E+00   4.1056893E+00   3.1506043E+01  -8.6303330E+00
   4.2500000E+00   4.1556893E+00   3.1060933E+01  -9.1666523E+00
   4.3000000E+00   4.2056893E+00   3.0590113E+01  -9.6588002E+00
   4.3500000E+00   4.2556893E+00   3.0095783E+01  -1.0107122E+01
   4.4000000E+00   4.3056893E+00   2.9580122E+01  -1.0512179E+01
   4.4500000E+00   4.3556893E+00   2.9045273E+01  -1.0874723E+01
   4.5000000E+00   4.4056893E+00   2.8493342E+01  -1.1195683E+01
   4.5500000E+00   4.4556893E+00   2.7926380E+01  -1.1476140E+01
   4.6000000E+00   4.5056893E+00   2.7346382E+01  -1.1717311E+01
   4.6500000E+00   4.5556893E+00   2.6755280E+01  -1.1920531E+01
   4.7000000E+00   4.6056893E+00   2.6154937E+01  -1.2087231E+01
   4.7500000E+00   4.6556893E+00   2.5547140E+01  -1.2218926E+01
   4.8000000E+00   4.7056893E+00   2.4933601E+01  -1.2317197E+01
   4.8500000E+00   4.7556893E+00   2.4315950E+01  -1.2383672E+01
   4.9000000E+00   4.8056893E+00   2.3695735E+01  -1.2420018E+01
   4.9500000E+00   4.8556893E+00   2.3074422E+01  -1.2427925E+01
   5.0000000E+00   4.9056893E+00   2.2453388E+01  -1.2409093E+01
   5.0500000E+00   4.9556893E+00   2.1833929E+01  -1.2365223E+01
   5.1000000E+00   5.0056893E+00   2.1217254E+01  -1.2298004E+01
   5.1500000E+00   5.0556893E+00   2.0604490E+01  -1.2209108E+01
   5.2000000E+00   5.1056893E+00   1.9996677E+01  -1.2100179E+01
   5.2500000E+00   5.1556893E+00   1.9394778E+01  -1.1972826E+01
   5.3000000E+00   5.2056893E+00   1.8799675E+01  -1.1828620E+01
   5.3500000E+00   5.2556893E+00   1.8212171E+01  -1.1669083E+01
   5.4000000E+00   5.3056893E+00   1.7632997E+01  -1.1495691E+01
   5.4500000E+00   5.3556893E+00   1.7062809E+01  -1.1309862E+01
   5.5000000E+00   5.4056893E+00   1.6502195E+01  -1.1112961E+01
   5.5500000E+00   5.4556893E+00   1.5951676E+01  -1.0906291E+01
   5.6000000E+00   5.5056893E+00   1.5411708E+01  -1.0691096E+01
   5.6500000E+00   5.5556893E+00   1.4882688E+01  -1.0468558E+01
   5.7000000E+00   5.6056893E+00   1.4364955E+01  -1.0239795E+01
   5.7500000E+00   5.6556893E+00   1.3858794E+01  -1.0005864E+01
   5.8000000E+00   5.7056893E+00   1.3364438E+01  -9.7677581E+00
   5.8500000E+00   5.7556893E+00   1.2882072E+01  -9.5264100E+00
   5.9000000E+00   5.8056893E+00   1.2411837E+01  -9.2826904E+00
   5.9500000E+00   5.8556893E+00   1.1953829E+01  -9.0374104E+00
   6.0000000E+00   5.9056893E+00   1.1508109E+01  -8.7913229E+00
   6.0500000E+00   5.9556893E+00   1.1074699E+01  -8.5451240E+00
   6.1000000E+00   6.0056893E+00   1.0653587E+01  -8.2994549E+00
   6.1500000E+00   6.0556893E+00   1.0244734E+01  -8.0549040E+00
   6.2000000E+00   6.1056893E+00   9.8480693E+00  -7.8120086E+00
   6.2500000E+00   6.1556893E+00   9.4634975E+00  -7.5712574E+00
   6.3000000E+00   6.2056893E+00   9.0909003E+00  -7.3330926E+00
   6.3500000E+00   6.2556893E+00   8.7301383E+00  -7.0979118E+00
   6.4000000E+00   6.3056893E+00   8.3810533E+00  -6.8660709E+00
   6.4500000E+00   6.3556893E+00   8.0434702E+00  -6.6378859E+00
   6.5000000E+00   6.4056893E+00   7.7171991E+00  -6.4136350E+00
   6.5500000E+00   6.4556893E+00   7.4020370E+00  -6.1935614E+00
   6.6000000E+00   6.5056893E+00   7.0977697E+00  -5.9778750E+00
   6.6500000E+00   6.5556893E+00   6.8041733E+00  -5.7667548E+00
   6.7000000E+00   6.6056893E+00   6.5210155E+00  -5.5603508E+00
   6.7500000E+00   6.6556893E+00   6.2480575E+00  -5.3587861E+00
   6.8000000E+00   6.7056893E+00   5.9850546E+00  -5.1621589E+00
   6.8500000E+00   6.7556893E+00   5.7317580E+00  -4.9705442E+00
   6.9000000E+00   6.8056893E+00   5.4879157E+00  -4.7839961E+00
   6.9500000E+00   6.8556893E+00   5.2532733E+00  -4.6025487E+00
   7.0000000E+00   6.9056893E+00   5.0275754E+00  -4.4262185E+00
   7.0500000E+00   6.9556893E+00   4.8105661E+00  -4.2550058E+00
   7.1000000E+00   7.0056893E+00   4.6019898E+00  -4.0888957E+00
   7.1500000E+00   7.0556893E+00   4.4015919E+00  -3.9278602E+00
   7.2000000E+00   7.1056893E+00   4.2091198E+00  -3.7718591E+00
   7.2500000E+00   7.1556893E+00   4.0243230E+00  -3.6208413E+00
   7.3000000E+00   7.2056893E+00   3.8469536E+00  -3.4747463E+00
   7.3500000E+00   7.2556893E+00   3.6767674E+00  -3.3335048E+00
   7.4000000E+00   7.3056893E+00   3.5135235E+00  -3.1970399E+00
   7.4500000E+00   7.3556893E+00   3.3569852E+00  -3.0652684E+00
   7.5000000E+00   7.4056893E+00   3.2069199E+00  -2.9381012E+00
   7.5500000E+00   7.4556893E+00   3.0630999E+00  -2.8154444E+00
   7.6000000E+00   7.5056893E+00   2.9253019E+00  -2.6972000E+00
   7.6500000E+00   7.5556893E+00   2.7933080E+00  -2.5832666E+00
   7.7000000E+00   7.6056893E+00   2.6669051E+00  -2.4735402E+00
   7.7500000E+00   7.6556893E+00   2.5458856E+00  -2.3679144E+00
   7.8000000E+00   7.7056893E+00   2.4300471E+00  -2.2662814E+00
   7.8500000E+00   7.7556893E+00   2.3191928E+00  -2.1685322E+00
   7.9000000E+00   7.8056893E+00   2.2131310E+00  -2.0745571E+00
   7.9500000E+00   7.8556893E+00   2.1116760E+00  -1.9842463E+00
   8.0000000E+00   7.9056893E+00   2.0146471E+00  -1.8974901E+00
   8.0500000E+00   7.9556893E+00   1.9218695E+00  -1.8141790E+00
   8.1000000E+00   8.0056893E+00   1.8331736E+00  -1.7342046E+00
   8.1500000E+00   8.0556893E+00   1.7483953E+00  -1.6574593E+00
   8.2000000E+00   8.1056893E+00   1.6673756E+00  -1.5838369E+00
   8.2500000E+00   8.1556893E+00   1.5899613E+00  -1.5132325E+00
   8.3000000E+00   8.2056893E+00   1.5160038E+00  -1.4455429E+00
   8.3500000E+00   8.2556893E+00   1.4453601E+00  -1.3806668E+00
   8.4000000E+00   8.3056893E+00   1.3778919E+00  -1.3185047E+00
   8.4500000E+00   8.3556893E+00   1.3134660E+00  -1.2589592E+00
   8.5000000E+00   8.4056893E+00   1.2519540E+00  -1.2019351E+00
   8.5500000E+00   8.4556893E+00   1.1932320E+00  -1.1473392E+00
   8.6000000E+00   8.5056893E+00   1.1371811E+00  -1.0950809E+00
   8.6500000E+00   8.5556893E+00   1.0836865E+00  -1.0450717E+00
   8.7000000E+00   8.6056893E+00   1.0326379E+00  -9.9722563E-01
   8.7500000E+00   8.6556893E+00   9.8392923E-01  -9.5145895E-01
   8.8000000E+00   8.7056893E+00   9.3745866E-01  -9.0769044E-01
   8.8500000E+00   8.7556893E+00   8.9312820E-01  -8.6584126E-01
   8.9000000E+00   8.8056893E+00   8.5084382E-01  -8.2583500E-01
   8.9500000E+00   8.8556893E+00   8.1051522E-01  -7.8759763E-01
   9.0000000E+00   8.9056893E+00   7.7205577E-01  -7.5105750E-01
   9.0500000E+00   8.9556893E+00   7.3538234E-01  -7.1614532E-01
   9.1000000E+00   9.0056893E+00   7.0041523E-01  -6.8279411E-01
   9.1500000E+00   9.0556893E+00   6.6707800E-01  -6.5093921E-01
   9.2000000E+00   9.1056893E+00   6.3529741E-01  -6.2051819E-01
   9.2500000E+00   9.1556893E+00   6.0500329E-01  -5.9147083E-01
   9.3000000E+00   9.2056893E+00   5.7612840E-01  -5.6373911E-01
   9.3500000E+00   9.2556893E+00   5.4860838E-01  -5.3726708E-01
   9.4000000E+00   9.3056893E+00   5.2238160E-01  -5.1200091E-01
   9.4500000E+00   9.3556893E+00   4.9738906E-01  -4.8788875E-01
   9.5000000E+00   9.4056893E+00   4.7357432E-01  -4.6488075E-01
   9.5500000E+00   9.4556893E+00   4.5088339E-01  -4.4292895E-01
   9.6000000E+00   9.5056893E+00   4.2926460E-01  -4.2198729E-01
   9.6500000E+00   9.5556893E+00   4.0866856E-01  -4.0201148E-01
   9.7000000E+00   9.6056893E+00   3.8904806E-01  -3.8295901E-01
   9.7500000E+00   9.6556893E+00   3.7035795E-01  -3.6478906E-01
   9.8000000E+00   9.7056893E+00   3.5255510E-01  -3.4746247E-01
   9.8500000E+00   9.7556893E+00   3.3559828E-01  -3.3094166E-01
   9.9000000E+00   9.8056893E+00   3.1944811E-01  -3.1519061E-01
   9.9500000E+00   9.8556893E+00   3.0406697E-01  -3.0017476E-01
   1.0000000E+01   9.9056893E+00   2.8941893E-01  -2.8586103E-01
   0.0000000E+00   0.0000000E+00   0.0000000E+00   1.0000000E+00
   5.0000000E-02   5.0000000E-02   4.6437759E-02   8.6196993E-01
   1.0000000E-01   1.0000000E-01   8.6745329E-02   7.5651180E-01
   1.5000000E-01   1.5000000E-01   1.2273327E-01   6.8959895E-01
   2.0000000E-01   2.0000000E-01   1.5635182E-01   6.6150051E-01
   2.5000000E-01   2.5000000E-01   1.8949092E-01   6.6994489E-01
   3.0000000E-01   3.0000000E-01   2.2390445E-01   7.1199042E-01
   3.5000000E-01   3.5000000E-01   2.6120418E-01   7.8500161E-01
   4.0000000E-01   4.0000000E-01   3.0288719E-01   8.8706657E-01
   4.5000000E-01   4.5000000E-01   3.5037555E-01   1.0170956E+00
   5.0000000E-01   5.0000000E-01   4.0505624E-01   1.1747558E+00
   5.5000000E-01   5.5000000E-01   4.6831570E-01   1.3603331E+00
   6.0000000E-01   6.0000000E-01   5.4156681E-01   1.5745718E+00
   6.5000000E-01   6.5000000E-01   6.2626781E-01   1.8185158E+00
   7.0000000E-01   7.0000000E-01   7.2393353E-01   2.0933629E+00
   7.5000000E-01   7.5000000E-01   8.3613983E-01   2.4003338E+00
   8.0000000E-01   8.0000000E-01   9.6452167E-01   2.7405561E+00
   8.5000000E-01   8.5000000E-01   1.1107660E+00   3.1149625E+00
   9.0000000E-01   9.0000000E-01   1.2765995E+00   3.5242014E+00
   9.5000000E-01   9.5000000E-01   1.4637727E+00   3.9685587E+00
   1.0000000E+00   1.0000000E+00   1.6740398E+00   4.4478912E+00
   1.0500000E+00   1.0500000E+00   1.9091360E+00   4.9615711E+00
   1.1000000E+00   1.1000000E+00   2.1707520E+00   5.5084419E+00
   1.1500000E+00   1.1500000E+00   2.4605069E+00   6.0867866E+00
   1.2000000E+00   1.2000000E+00   2.7799193E+00   6.6943085E+00
   1.2500000E+00   1.2500000E+00   3.1303785E+00   7.3281250E+00
   1.3000000E+00   1.3000000E+00   3.5131150E+00   7.9847752E+00
   1.3500000E+00   1.3500000E+00   3.9291724E+00   8.6602397E+00
   1.4000000E+00   1.4000000E+00   4.3793798E+00   9.3499747E+00
   1.4500000E+00   1.4500000E+00   4.8643271E+00   1.0048958E+01
   1.5000000E+00   1.5000000E+00   5.3843422E+00   1.0751745E+01
   1.5500000E+00   1.5500000E+00   5.9394716E+00   1.1452537E+01
   1.6000000E+00   1.6000000E+00   6.5294647E+00   1.2145259E+01
   1.6500000E+00   1.6500000E+00   7.1537617E+00   1.2823638E+01
   1.7000000E+00   1.7000000E+00   7.8114864E+00   1.3481295E+01
   1.7500000E+00   1.7500000E+00   8.5014426E+00   1.4111837E+01
   1.8000000E+00   1.8000000E+00   9.2221161E+00   1.4708945E+01
   1.8500000E+00   1.8500000E+00   9.9716805E+00   1.5266468E+01
   1.9000000E+00   1.9000000E+00   1.0748008E+01   1.5778513E+01
   1.9500000E+00   1.9500000E+00   1.1548684E+01   1.6239524E+01
   2.0000000E+00   2.0000000E+00   1.2371027E+01   1.6644367E+01
   2.0500000E+00   2.0500000E+00   1.3212110E+01   1.6988394E+01
   2.1000000E+00   2.1000000E+00   1.4068787E+01   1.7267506E+01
   2.1500000E+00   2.1500000E+00   1.4937723E+01   1.7478207E+01
   2.2000000E+00   2.2000000E+00   1.5815422E+01   1.7617642E+01
   2.2500000E+00   2.2500000E+00   1.6698265E+01   1.7683628E+01
   2.3000000E+00   2.3000000E+00   1.7582538E+01   1.7674674E+01
   2.3500000E+00   2.3500000E+00   1.8464472E+01   1.7589991E+01
   2.4000000E+00   2.4000000E+00   1.9340275E+01   1.7429485E+01
   2.4500000E+00   2.4500000E+00   2.0206168E+01   1.7193749E+01
   2.5000000E+00   2.5000000E+00   2.1058419E+01   1.6884039E+01
   2.5500000E+00   2.5500000E+00   2.1893372E+01   1.6502246E+01
   2.6000000E+00   2.6000000E+00   2.2707485E+01   1.6050853E+01
   2.6500000E+00   2.6500000E+00   2.3497349E+01   1.5532898E+01
   2.7000000E+00   2.7000000E+00   2.4259725E+01   1.4951915E+01
   2.7500000E+00   2.7500000E+00   2.4991558E+01   1.4311888E+01
   2.8000000E+00   2.8000000E+00   2.5690003E+01   1.3617188E+01
   2.8500000E+00   2.8500000E+00   2.6352444E+01   1.2872513E+01
   2.9000000E+00   2.9000000E+00   2.6976505E+01   1.2082831E+01
   2.9500000E+00   2.9500000E+00   2.7560064E+01   1.1253315E+01
   3.0000000E+00   3.0000000E+00   2.8101262E+01   1.0389284E+01
   3.0500000E+00   3.0500000E+00   2.8598507E+01   9.4961452E+00
   3.1000000E+00   3.1000000E+00   2.9050482E+01   8.5793352E+00
   3.1500000E+00   3.1500000E+00   2.9456137E+01   7.6442698E+00
   3.2000000E+00   3.2000000E+00   2.9814694E+01   6.6962922E+00
   3.2500000E+00   3.2500000E+00   3.0125638E+01   5.7406279E+00
   3.3000000E+00   3.3000000E+00   3.0388713E+01   4.7823427E+00
   3.3500000E+00   3.3500000E+00   3.0603910E+01   3.8263063E+00
   3.4000000E+00   3.4000000E+00   3.0771458E+01   2.8771592E+00
   3.4500000E+00   3.4500000E+00   3.0891813E+01   1.9392859E+00
   3.5000000E+00   3.5000000E+00   3.0965643E+01   1.0167913E+00
   3.5500000E+00   3.5500000E+00   3.0993812E+01   1.1348244E-01
   3.6000000E+00   3.6000000E+00   3.0977369E+01  -7.6714510E-01
   3.6500000E+00   3.6500000E+00   3.0917528E+01  -1.6219173E+00
   3.7000000E+00   3.7000000E+00   3.0815655E+01  -2.4479870E+00
   3.7500000E+00   3.7500000E+00   3.0673249E+01  -3.2428364E+00
   3.8000000E+00   3.8000000E+00   3.0491928E+01  -4.0042751E+00
   3.8500000E+00   3.8500000E+00   3.0273410E+01  -4.7304359E+00
   3.9000000E+00   3.9000000E+00   3.0019498E+01  -5.4197671E+00
   3.9500000E+00   3.9500000E+00   2.9732067E+01  -6.0710233E+00
   4.0000000E+00   4.0000000E+00   2.9413045E+01  -6.6832534E+00
   4.0500000E+00   4.0500000E+00   2.9064403E+01  -7.2557866E+00
   4.1000000E+00   4.1000000E+00   2.8688135E+01  -7.7882180E+00
   4.1500000E+00   4.1500000E+00   2.8286251E+01  -8.2803918E+00
   4.2000000E+00   4.2000000E+00   2.7860765E+01  -8.7323846E+00
   4.2500000E+00   4.2500000E+00   2.7413677E+01  -9.1444874E+00
   4.3000000E+00   4.3000000E+00   2.6946972E+01  -9.5171881E+00
   4.3500000E+00   4.3500000E+00   2.6462604E+01  -9.8511526E+00
   4.4000000E+00   4.4000000E+00   2.5962488E+01  -1.0147207E+01
   4.4500000E+00   4.4500000E+00   2.5448498E+01  -1.0406320E+01
   4.5000000E+00   4.5000000E+00   2.4922453E+01  -1.0629586E+01
   4.5500000E+00   4.5500000E+00   2.4386116E+01  -1.0818204E+01
   4.6000000E+00   4.6000000E+00   2.3841188E+01  -1.0973469E+01
   4.6500000E+00   4.6500000E+00   2.3289302E+01  -1.1096750E+01
   4.7000000E+00   4.7000000E+00   2.2732022E+01  -1.1189476E+01
   4.7500000E+00   4.7500000E+00   2.2170839E+01  -1.1253125E+01
   4.8000000E+00   4.8000000E+00   2.1607168E+01  -1.1289208E+01
   4.8500000E+00   4.8500000E+00   2.1042351E+01  -1.1299261E+01
   4.9000000E+00   4.9000000E+00   2.0477650E+01  -1.1284828E+01
   4.9500000E+00   4.9500000E+00   1.9914250E+01  -1.1247456E+01
   5.0000000E+00   5.0000000E+00   1.9353260E+01  -1.1188683E+01
   5.0500000E+00   5.0500000E+00   1.8795713E+01  -1.1110030E+01
   5.1000000E+00   5.1000000E+00   1.8242563E+01  -1.1012995E+01
   5.1500000E+00   5.1500000E+00   1.7694695E+01  -1.0899046E+01
   5.2000000E+00   5.2000000E+00   1.7152917E+01  -1.0769614E+01
   5.2500000E+00   5.2500000E+00   1.6617968E+01  -1.0626089E+01
   5.3000000E+00   5.3000000E+00   1.6090520E+01  -1.0469817E+01
   5.3500000E+00   5.3500000E+00   1.5571177E+01  -1.0302094E+01
   5.4000000E+00   5.4000000E+00   1.5060480E+01  -1.0124166E+01
   5.4500000E+00   5.4500000E+00   1.4558910E+01  -9.9372255E+00
   5.5000000E+00   5.5000000E+00   1.4066889E+01  -9.7424081E+00
   5.5500000E+00   5.5500000E+00   1.3584782E+01  -9.5407950E+00
   5.6000000E+00   5.6000000E+00   1.3112905E+01  -9.3334100E+00
   5.6500000E+00   5.6500000E+00   1.2651521E+01  -9.1212199E+00
   5.7000000E+00   5.7000000E+00   1.2200848E+01  -8.9051347E+00
   5.7500000E+00   5.7500000E+00   1.1761058E+01  -8.6860080E+00
   5.8000000E+00   5.8000000E+00   1.1332284E+01  -8.4646379E+00
   5.8500000E+00   5.8500000E+00   1.0914619E+01  -8.2417679E+00
   5.9000000E+00   5.9000000E+00   1.0508121E+01  -8.0180886E+00
   5.9500000E+00   5.9500000E+00   1.0112813E+01  -7.7942385E+00
   6.0000000E+00   6.0000000E+00   9.7286896E+00  -7.5708063E+00
   6.0500000E+00   6.0500000E+00   9.3557161E+00  -7.3483321E+00
   6.1000000E+00   6.1000000E+00   8.9938320E+00  -7.1273098E+00
   6.1500000E+00   6.1500000E+00   8.6429533E+00  -6.9081885E+00
   6.2000000E+00   6.2000000E+00   8.3029746E+00  -6.6913748E+00
   6.2500000E+00   6.2500000E+00   7.9737711E+00  -6.4772350E+00
   6.3000000E+00   6.3000000E+00   7.6552009E+00  -6.2660966E+00
   6.3500000E+00   6.3500000E+00   7.3471065E+00  -6.0582510E+00
   6.4000000E+00   6.4000000E+00   7.0493166E+00  -5.8539550E+00
   6.4500000E+00   6.4500000E+00   6.7616480E+00  -5.6534332E+00
   6.5000000E+00   6.5000000E+00   6.4839070E+00  -5.4568798E+00
   6.5500000E+00   6.5500000E+00   6.2158910E+00  -5.2644606E+00
   6.6000000E+00   6.6000000E+00   5.9573897E+00  -5.0763148E+00
   6.6500000E+00   6.6500000E+00   5.7081863E+00  -4.8925571E+00
   6.7000000E+00   6.7000000E+00   5.4680592E+00  -4.7132792E+00
   6.7500000E+00   6.7500000E+00   5.2367825E+00  -4.5385518E+00
   6.8000000E+00   6.8000000E+00   5.0141273E+00  -4.3684258E+00
   6.8500000E+00   6.8500000E+00   4.7998626E+00  -4.2029346E+00
   6.9000000E+00   6.9000000E+00   4.5937563E+00  -4.0420947E+00
   6.9500000E+00   6.9500000E+00   4.3955756E+00  -3.8859080E+00
   7.0000000E+00   7.0000000E+00   4.2050881E+00  -3.7343625E+00
   7.0500000E+00   7.0500000E+00   4.0220624E+00  -3.5874341E+00
   7.1000000E+00   7.1000000E+00   3.8462683E+00  -3.4450873E+00
   7.1500000E+00   7.1500000E+00   3.6774780E+00  -3.3072769E+00
   7.2000000E+00   7.2000000E+00   3.5154659E+00  -3.1739487E+00
   7.2500000E+00   7.2500000E+00   3.3600094E+00  -3.0450405E+00
   7.3000000E+00   7.3000000E+00   3.2108893E+00  -2.9204833E+00
   7.3500000E+00   7.3500000E+00   3.0678898E+00  -2.8002020E+00
   7.4000000E+00   7.4000000E+00   2.9307992E+00  -2.6841161E+00
   7.4500000E+00   7.4500000E+00   2.7994097E+00  -2.5721407E+00
   7.5000000E+00   7.5000000E+00   2.6735180E+00  -2.4641872E+00
   7.5500000E+00   7.5500000E+00   2.5529255E+00  -2.3601636E+00
   7.6000000E+00   7.6000000E+00   2.4374377E+00  -2.2599757E+00
   7.6500000E+00   7.6500000E+00   2.3268656E+00  -2.1635269E+00
   7.7000000E+00   7.7000000E+00   2.2210244E+00  -2.0707194E+00
   7.7500000E+00   7.7500000E+00   2.1197346E+00  -1.9814541E+00
   7.8000000E+00   7.8000000E+00   2.0228216E+00  -1.8956315E+00
   7.8500000E+00   7.8500000E+00   1.9301157E+00  -1.8131516E+00
   7.9000000E+00   7.9000000E+00   1.8414524E+00  -1.7339146E+00
   7.9500000E+00   7.9500000E+00   1.7566719E+00  -1.6578211E+00
   8.0000000E+00   8.0000000E+00   1.6756195E+00  -1.5847723E+00
   8.0500000E+00   8.0500000E+00   1.5981455E+00  -1.5146703E+00
   8.1000000E+00   8.1000000E+00   1.5241050E+00  -1.4474184E+00
   8.1500000E+00   8.1500000E+00   1.4533578E+00  -1.3829210E+00
   8.2000000E+00   8.2000000E+00   1.3857685E+00  -1.3210843E+00
   8.2500000E+00   8.2500000E+00   1.3212065E+00  -1.2618159E+00
   8.3000000E+00   8.3000000E+00   1.2595456E+00  -1.2050251E+00
   8.3500000E+00   8.3500000E+00   1.2006642E+00  -1.1506231E+00
   8.4000000E+00   8.4000000E+00   1.1444450E+00  -1.0985232E+00
   8.4500000E+00   8.4500000E+00   1.0907749E+00  -1.0486405E+00
   8.5000000E+00   8.5000000E+00   1.0395453E+00  -1.0008922E+00
   8.5500000E+00   8.5500000E+00   9.9065148E-01  -9.5519779E-01
   8.6000000E+00   8.6000000E+00   9.4399264E-01  -9.1147870E-01
   8.6500000E+00   8.6500000E+00   8.9947197E-01  -8.6965866E-01
   8.7000000E+00   8.7000000E+00   8.5699636E-01  -8.2966355E-01
   8.7500000E+00   8.7500000E+00   8.1647640E-01  -7.9142144E-01
   8.8000000E+00   8.8000000E+00   7.7782617E-01  -7.5486261E-01
   8.8500000E+00   8.8500000E+00   7.4096321E-01  -7.1991951E-01
   8.9000000E+00   8.9000000E+00   7.0580838E-01  -6.8652676E-01
   8.9500000E+00   8.9500000E+00   6.7228575E-01  -6.5462111E-01
   9.0000000E+00   9.0000000E+00   6.4032250E-01  -6.2414145E-01
   9.0500000E+00   9.0500000E+00   6.0984882E-01  -5.9502873E-01
   9.1000000E+00   9.1000000E+00   5.8079780E-01  -5.6722598E-01
   9.1500000E+00   9.1500000E+00   5.5310531E-01  -5.4067823E-01
   9.2000000E+00   9.2000000E+00   5.2670995E-01  -5.1533248E-01
   9.2500000E+00   9.2500000E+00   5.0155288E-01  -4.9113768E-01
   9.3000000E+00   9.3000000E+00   4.7757782E-01  -4.6804465E-01
   9.3500000E+00   9.3500000E+00   4.5473085E-01  -4.4600606E-01
   9.4000000E+00   9.4000000E+00   4.3296040E-01  -4.2497639E-01
   9.4500000E+00   9.4500000E+00   4.1221712E-01  -4.0491184E-01
   9.5000000E+00   9.5000000E+00   3.9245383E-01  -3.8577033E-01
   9.5500000E+00   9.5500000E+00   3.7362538E-01  -3.6751142E-01
   9.6000000E+00   9.6000000E+00   3.5568863E-01  -3.5009628E-01
   9.6500000E+00   9.6500000E+00   3.3860232E-01  -3.3348764E-01
   9.7000000E+00   9.7000000E+00   3.2232702E-01  -3.1764970E-01
   9.7500000E+00   9.7500000E+00   3.0682508E-01  -3.0254816E-01
   9.8000000E+00   9.8000000E+00   2.9206048E-01  -2.8815010E-01
   9.8500000E+00   9.8500000E+00   2.7799887E-01  -2.7442396E-01
   9.9000000E+00   9.9000000E+00   2.6460739E-01  -2.6133950E-01
   9.9500000E+00   9.9500000E+00   2.5185471E-01  -2.4886775E-01
   1.0000000E+01   1.0000000E+01   2.3971087E-01  -2.3698096E-01
   0.0000000E+00   2.8517894E-01   0.0000000E+00   1.0000000E+00
   5.0000000E-02   3.3517894E-01   4.6718542E-02   8.7789260E-01
   1.0000000E-01   3.8517894E-01   8.8627890E-02   8.0632887E-01
   1.5000000E-01   4.3517894E-01   1.2806692E-01   7.7791024E-01
   2.0000000E-01   4.8517894E-01   1.6702924E-01   7.8629855E-01
   2.5000000E-01   5.3517894E-01   2.0722349E-01   8.2644224E-01
   3.0000000E-01   5.8517894E-01   2.5013718E-01   8.9452716E-01
   3.5000000E-01   6.3517894E-01   2.9709458E-01   9.8780226E-01
   4.0000000E-01   6.8517894E-01   3.4930452E-01   1.1043643E+00
   4.5000000E-01   7.3517894E-01   4.0789736E-01   1.2429446E+00
   5.0000000E-01   7.8517894E-01   4.7395185E-01   1.4027164E+00
   5.5000000E-01   8.3517894E-01   5.4851300E-01   1.5831312E+00
   6.0000000E-01   8.8517894E-01   6.3260242E-01   1.7837815E+00
   6.5000000E-01   9.3517894E-01   7.2722252E-01   2.0042902E+00
   7.0000000E-01   9.8517894E-01   8.3335570E-01   2.2442205E+00
   7.5000000E-01   1.0351789E+00   9.5195956E-01   2.5030062E+00
   8.0000000E-01   1.0851789E+00   1.0839589E+00   2.7798962E+00
   8.5000000E-01   1.1351789E+00   1.2302357E+00   3.0739146E+00
   9.0000000E-01   1.1851789E+00   1.3916165E+00   3.3838322E+00
   9.5000000E-01   1.2351789E+00   1.5688601E+00   3.7081489E+00
   1.0000000E+00   1.2851789E+00   1.7626431E+00   4.0450872E+00
   1.0500000E+00   1.3351789E+00   1.9735464E+00   4.3925935E+00
   1.1000000E+00   1.3851789E+00   2.2020415E+00   4.7483496E+00
   1.1500000E+00   1.4351789E+00   2.4484777E+00   5.1097905E+00
   1.2000000E+00   1.4851789E+00   2.7130705E+00   5.4741304E+00
   1.2500000E+00   1.5351789E+00   2.9958911E+00   5.8383939E+00
   1.3000000E+00   1.5851789E+00   3.2968582E+00   6.1994531E+00
   1.3500000E+00   1.6351789E+00   3.6157308E+00   6.5540687E+00
   1.4000000E+00   1.6851789E+00   3.9521043E+00   6.8989342E+00
   1.4500000E+00   1.7351789E+00   4.3054079E+00   7.2307222E+00
   1.5000000E+00   1.7851789E+00   4.6749052E+00   7.5461321E+00
   1.5500000E+00   1.8351789E+00   5.0596960E+00   7.8419374E+00
   1.6000000E+00   1.8851789E+00   5.4587220E+00   8.1150318E+00
   1.6500000E+00   1.9351789E+00   5.8707732E+00   8.3624736E+00
   1.7000000E+00   1.9851789E+00   6.2944977E+00   8.5815270E+00
   1.7500000E+00   2.0351789E+00   6.7284127E+00   8.7696996E+00
   1.8000000E+00   2.0851789E+00   7.1709174E+00   8.9247755E+00
   1.8500000E+00   2.1351789E+00   7.6203081E+00   9.0448437E+00
   1.9000000E+00   2.1851789E+00   8.0747932E+00   9.1283209E+00
   1.9500000E+00   2.2351789E+00   8.5325108E+00   9.1739690E+00
   2.0000000E+00   2.2851789E+00   8.9915460E+00   9.1809069E+00
   2.0500000E+00   2.3351789E+00   9.4499487E+00   9.1486158E+00
   2.1000000E+00   2.3851789E+00   9.9057521E+00   9.0769407E+00
   2.1500000E+00   2.4351789E+00   1.0356991E+01   8.9660844E+00
   2.2000000E+00   2.4851789E+00   1.0801717E+01   8.8165985E+00
   2.2500000E+00   2.5351789E+00   1.1238022E+01   8.6293683E+00
   2.3000000E+00   2.5851789E+00   1.1664046E+01   8.4055944E+00
   2.3500000E+00   2.6351789E+00   1.2077998E+01   8.1467704E+00
   2.4000000E+00   2.6851789E+00   1.2478169E+01   7.8546581E+00
   2.4500000E+00   2.7351789E+00   1.2862943E+01   7.5312590E+00
   2.5000000E+00   2.7851789E+00   1.3230810E+01   7.1787858E+00
   2.5500000E+00   2.8351789E+00   1.3580377E+01   6.7996306E+00
   2.6000000E+00   2.8851789E+00   1.3910371E+01   6.3963341E+00
   2.6500000E+00   2.9351789E+00   1.4219653E+01   5.9715533E+00
   2.7000000E+00   2.9851789E+00   1.4507215E+01   5.5280302E+00
   2.7500000E+00   3.0351789E+00   1.4772190E+01   5.0685614E+00
   2.8000000E+00   3.0851789E+00   1.5013852E+01   4.5959677E+00
   2.8500000E+00   3.1351789E+00   1.5231615E+01   4.1130667E+00
   2.9000000E+00   3.1851789E+00   1.5425033E+01   3.6226457E+00
   2.9500000E+00   3.2351789E+00   1.5593800E+01   3.1274380E+00
   3.0000000E+00   3.2851789E+00   1.5737742E+01   2.6301000E+00
   3.0500000E+00   3.3351789E+00   1.5856817E+01   2.1331918E+00
   3.1000000E+00   3.3851789E+00   1.5951109E+01   1.6391592E+00
   3.1500000E+00   3.4351789E+00   1.6020819E+01   1.1503191E+00
   3.2000000E+00   3.4851789E+00   1.6066263E+01   6.6884658E-01
   3.2500000E+00   3.5351789E+00   1.6087860E+01   1.9676471E-01
   3.3000000E+00   3.5851789E+00   1.6086127E+01  -2.6406333E-01
   3.3500000E+00   3.6351789E+00   1.6061670E+01  -7.1193994E-01
   3.4000000E+00   3.6851789E+00   1.6015174E+01  -1.1453366E+00
   3.4500000E+00   3.7351789E+00   1.5947400E+01  -1.5628956E+00
   3.5000000E+00   3.7851789E+00   1.5859168E+01  -1.9634296E+00
   3.5500000E+00   3.8351789E+00   1.5751358E+01  -2.3459198E+00
   3.6000000E+00   3.8851789E+00   1.5624891E+01  -2.7095127E+00
   3.6500000E+00   3.9351789E+00   1.5480733E+01  -3.0535153E+00
   3.7000000E+00   3.9851789E+00   1.5319875E+01  -3.3773892E+00
   3.7500000E+00   4.0351789E+00   1.5143335E+01  -3.6807437E+00
   3.8000000E+00   4.0851789E+00   1.4952146E+01  -3.9633288E+00
   3.8500000E+00   4.1351789E+00   1.4747350E+01  -4.2250259E+00
   3.9000000E+00   4.1851789E+00   1.4529992E+01  -4.4658402E+00
   3.9500000E+00   4.2351789E+00   1.4301112E+01  -4.6858906E+00
   4.0000000E+00   4.2851789E+00   1.4061745E+01  -4.8854011E+00
   4.0500000E+00   4.3351789E+00   1.3812909E+01  -5.0646910E+00
   4.1000000E+00   4.3851789E+00   1.3555606E+01  -5.2241655E+00
   4.1500000E+00   4.4351789E+00   1.3290814E+01  -5.3643065E+00
   4.2000000E+00   4.4851789E+00   1.3019488E+01  -5.4856633E+00
   4.2500000E+00   4.5351789E+00   1.2742550E+01  -5.5888440E+00
   4.3000000E+00   4.5851789E+00   1.2460895E+01  -5.6745065E+00
   4.3500000E+00   4.6351789E+00   1.2175380E+01  -5.7433505E+00
   4.4000000E+00   4.6851789E+00   1.1886828E+01  -5.7961099E+00
   4.4500000E+00   4.7351789E+00   1.1596024E+01  -5.8335450E+00
   4.5000000E+00   4.7851789E+00   1.1303715E+01  -5.8564362E+00
   4.5500000E+00   4.8351789E+00   1.1010609E+01  -5.8655770E+00
   4.6000000E+00   4.8851789E+00   1.0717373E+01  -5.8617686E+00
   4.6500000E+00   4.9351789E+00   1.0424635E+01  -5.8458140E+00
   4.7000000E+00   4.9851789E+00   1.0132981E+01  -5.8185134E+00
   4.7500000E+00   5.0351789E+00   9.8429590E+00  -5.7806598E+00
   4.8000000E+00   5.0851789E+00   9.5550774E+00  -5.7330347E+00
   4.8500000E+00   5.1351789E+00   9.2698054E+00  -5.6764050E+00
   4.9000000E+00   5.1851789E+00   8.9875743E+00  -5.6115194E+00
   4.9500000E+00   5.2351789E+00   8.7087787E+00  -5.5391064E+00
   5.0000000E+00   5.2851789E+00   8.4337772E+00  -5.4598714E+00
   5.0500000E+00   5.3351789E+00   8.1628938E+00  -5.3744953E+00
   5.1000000E+00   5.3851789E+00   7.8964190E+00  -5.2836326E+00
   5.1500000E+00   5.4351789E+00   7.6346113E+00  -5.1879104E+00
   5.2000000E+00   5.4851789E+00   7.3776988E+00  -5.0879275E+00
   5.2500000E+00   5.5351789E+00   7.1258800E+00  -4.9842535E+00
   5.3000000E+00   5.5851789E+00   6.8793258E+00  -4.8774286E+00
   5.3500000E+00   5.6351789E+00   6.6381810E+00  -4.7679636E+00
   5.4000000E+00   5.6851789E+00   6.4025653E+00  -4.6563396E+00
   5.4500000E+00   5.7351789E+00   6.1725753E+00  -4.5430084E+00
   5.5000000E+00   5.7851789E+00   5.9482858E+00  -4.4283927E+00
   5.5500000E+00   5.8351789E+00   5.7297508E+00  -4.3128868E+00
   5.6000000E+00   5.8851789E+00   5.5170057E+00  -4.1968574E+00
   5.6500000E+00   5.9351789E+00   5.3100680E+00  -4.0806439E+00
   5.7000000E+00   5.9851789E+00   5.1089391E+00  -3.9645593E+00
   5.7500000E+00   6.0351789E+00   4.9136051E+00  -3.8488915E+00
   5.8000000E+00   6.0851789E+00   4.7240385E+00  -3.7339039E+00
   5.8500000E+00   6.1351789E+00   4.5401993E+00  -3.6198364E+00
   5.9000000E+00   6.1851789E+00   4.3620358E+00  -3.5069065E+00
   5.9500000E+00   6.2351789E+00   4.1894863E+00  -3.3953104E+00
   6.0000000E+00   6.2851789E+00   4.0224796E+00  -3.2852242E+00
   6.0500000E+00   6.3351789E+00   3.8609361E+00  -3.1768043E+00
   6.1000000E+00   6.3851789E+00   3.7047690E+00  -3.0701895E+00
   6.1500000E+00   6.4351789E+00   3.5538850E+00  -2.9655010E+00
   6.2000000E+00   6.4851789E+00   3.4081850E+00  -2.8628444E+00
   6.2500000E+00   6.5351789E+00   3.2675651E+00  -2.7623098E+00
   6.3000000E+00   6.5851789E+00   3.1319173E+00  -2.6639737E+00
   6.3500000E+00   6.6351789E+00   3.0011300E+00  -2.5678993E+00
   6.4000000E+00   6.6851789E+00   2.8750888E+00  -2.4741374E+00
   6.4500000E+00   6.7351789E+00   2.7536770E+00  -2.3827281E+00
   6.5000000E+00   6.7851789E+00   2.6367763E+00  -2.2937007E+00
   6.5500000E+00   6.8351789E+00   2.5242669E+00  -2.2070751E+00
   6.6000000E+00   6.8851789E+00   2.4160285E+00  -2.1228624E+00
   6.6500000E+00   6.9351789E+00   2.3119404E+00  -2.0410659E+00
   6.7000000E+00   6.9851789E+00   2.2118817E+00  -1.9616812E+00
   6.7500000E+00   7.0351789E+00   2.1157322E+00  -1.8846977E+00
   6.8000000E+00   7.0851789E+00   2.0233722E+00  -1.8100988E+00
   6.8500000E+00   7.1351789E+00   1.9346830E+00  -1.7378622E+00
   6.9000000E+00   7.1851789E+00   1.8495470E+00  -1.6679613E+00
   6.9500000E+00   7.2351789E+00   1.7678484E+00  -1.6003649E+00
   7.0000000E+00   7.2851789E+00   1.6894727E+00  -1.5350382E+00
   7.0500000E+00   7.3351789E+00   1.6143074E+00  -1.4719430E+00
   7.1000000E+00   7.3851789E+00   1.5422419E+00  -1.4110385E+00
   7.1500000E+00   7.4351789E+00   1.4731677E+00  -1.3522811E+00
   7.2000000E+00   7.4851789E+00   1.4069787E+00  -1.2956254E+00
   7.2500000E+00   7.5351789E+00   1.3435710E+00  -1.2410242E+00
   7.3000000E+00   7.5851789E+00   1.2828429E+00  -1.1884288E+00
   7.3500000E+00   7.6351789E+00   1.2246955E+00  -1.1377895E+00
   7.4000000E+00   7.6851789E+00   1.1690322E+00  -1.0890555E+00
   7.4500000E+00   7.7351789E+00   1.1157590E+00  -1.0421757E+00
   7.5000000E+00   7.7851789E+00   1.0647846E+00  -9.9709842E-01
   7.5500000E+00   7.8351789E+00   1.0160200E+00  -9.5377182E-01
   7.6000000E+00   7.8851789E+00   9.6937906E-01  -9.1214405E-01
   7.6500000E+00   7.9351789E+00   9.2477813E-01  -8.7216343E-01
   7.7000000E+00   7.9851789E+00   8.8213612E-01  -8.3377856E-01
   7.7500000E+00   8.0351789E+00   8.4137453E-01  -7.9693847E-01
   7.8000000E+00   8.0851789E+00   8.0241737E-01  -7.6159275E-01
   7.8500000E+00   8.1351789E+00   7.6519118E-01  -7.2769163E-01
   7.9000000E+00   8.1851789E+00   7.2962495E-01  -6.9518609E-01
   7.9500000E+00   8.2351789E+00   6.9565011E-01  -6.6402793E-01
   8.0000000E+00   8.2851789E+00   6.6320049E-01  -6.3416982E-01
   8.0500000E+00   8.3351789E+00   6.3221224E-01  -6.0556540E-01
   8.1000000E+00   8.3851789E+00   6.0262381E-01  -5.7816927E-01
   8.1500000E+00   8.4351789E+00   5.7437591E-01  -5.5193710E-01
   8.2000000E+00   8.4851789E+00   5.4741142E-01  -5.2682561E-01
   8.2500000E+00   8.5351789E+00   5.2167538E-01  -5.0279260E-01
   8.3000000E+00   8.5851789E+00   4.9711487E-01  -4.7979702E-01
   8.3500000E+00   8.6351789E+00   4.7367905E-01  -4.5779890E-01
   8.4000000E+00   8.6851789E+00   4.5131901E-01  -4.3675944E-01
   8.4500000E+00   8.7351789E+00   4.2998776E-01  -4.1664097E-01
   8.5000000E+00   8.7851789E+00   4.0964017E-01  -3.9740695E-01
   8.5500000E+00   8.8351789E+00   3.9023291E-01  -3.7902197E-01
   8.6000000E+00   8.8851789E+00   3.7172440E-01  -3.6145176E-01
   8.6500000E+00   8.9351789E+00   3.5407471E-01  -3.4466317E-01
   8.7000000E+00   8.9851789E+00   3.3724559E-01  -3.2862414E-01
   8.7500000E+00   9.0351789E+00   3.2120032E-01  -3.1330370E-01
   8.8000000E+00   9.0851789E+00   3.0590374E-01  -2.9867196E-01
   8.8500000E+00   9.1351789E+00   2.9132213E-01  -2.8470007E-01
   8.9000000E+00   9.1851789E+00   2.7742320E-01  -2.7136023E-01
   8.9500000E+00   9.2351789E+00   2.6417602E-01  -2.5862563E-01
   9.0000000E+00   9.2851789E+00   2.5155098E-01  -2.4647046E-01
   9.0500000E+00   9.3351789E+00   2.3951973E-01  -2.3486986E-01
   9.1000000E+00   9.3851789E+00   2.2805515E-01  -2.2379992E-01
   9.1500000E+00   9.4351789E+00   2.1713128E-01  -2.1323766E-01
   9.2000000E+00   9.4851789E+00   2.0672330E-01  -2.0316095E-01
   9.2500000E+00   9.5351789E+00   1.9680745E-01  -1.9354857E-01
   9.3000000E+00   9.5851789E+00   1.8736104E-01  -1.8438010E-01
   9.3500000E+00   9.6351789E+00   1.7836237E-01  -1.7563595E-01
   9.4000000E+00   9.6851789E+00   1.6979069E-01  -1.6729733E-01
   9.4500000E+00   9.7351789E+00   1.6162618E-01  -1.5934620E-01
   9.5000000E+00   9.7851789E+00   1.5384990E-01  -1.5176525E-01
   9.5500000E+00   9.8351789E+00   1.4644376E-01  -1.4453790E-01
   9.6000000E+00   9.8851789E+00   1.3939048E-01  -1.3764825E-01
   9.6500000E+00   9.9351789E+00   1.3267356E-01  -1.3108106E-01
   9.7000000E+00   9.9851789E+00   1.2627724E-01  -1.2482175E-01
   9.7500000E+00   1.0035179E+01   1.2018649E-01  -1.1885634E-01
   9.8000000E+00   1.0085179E+01   1.1438694E-01  -1.1317144E-01
   9.8500000E+00   1.0135179E+01   1.0886488E-01  -1.0775427E-01
   9.9000000E+00   1.0185179E+01   1.0360725E-01  -1.0259256E-01
   9.9500000E+00   1.0235179E+01   9.8601566E-02  -9.7674589E-02
   1.0000000E+01   1.0285179E+01   9.3835919E-02  -9.2989149E-02
   0.0000000E+00   6.9314718E-01   0.0000000E+00   1.0000000E+00
   5.0000000E-02   7.4314718E-01   4.6750063E-02   8.7948246E-01
   1.0000000E-01   7.9314718E-01   8.8767579E-02   8.0848732E-01
   1.5000000E-01   8.4314718E-01   1.2823050E-01   7.7565795E-01
   2.0000000E-01   8.9314718E-01   1.6682597E-01   7.7257291E-01
   2.5000000E-01   9.4314718E-01   2.0587718E-01   7.9298388E-01
   3.0000000E-01   9.9314718E-01   2.4643678E-01   8.3223157E-01
   3.5000000E-01   1.0431472E+00   2.8935475E-01   8.8680434E-01
   4.0000000E-01   1.0931472E+00   3.3532712E-01   9.5400810E-01
   4.5000000E-01   1.1431472E+00   3.8493040E-01   1.0317217E+00
   5.0000000E-01   1.1931472E+00   4.3864554E-01   1.1182171E+00
   5.5000000E-01   1.2431472E+00   4.9687410E-01   1.2120284E+00
   6.0000000E-01   1.2931472E+00   5.5994886E-01   1.3118578E+00
   6.5000000E-01   1.3431472E+00   6.2814051E-01   1.4165088E+00
   7.0000000E-01   1.3931472E+00   7.0166143E-01   1.5248404E+00
   7.5000000E-01   1.4431472E+00   7.8066770E-01   1.6357371E+00
   8.0000000E-01   1.4931472E+00   8.6525987E-01   1.7480908E+00
   8.5000000E-01   1.5431472E+00   9.5548304E-01   1.8607910E+00
   9.0000000E-01   1.5931472E+00   1.0513267E+00   1.9727227E+00
   9.5000000E-01   1.6431472E+00   1.1527244E+00   2.0827685E+00
   1.0000000E+00   1.6931472E+00   1.2595541E+00   2.1898156E+00
   1.0500000E+00   1.7431472E+00   1.3716381E+00   2.2927637E+00
   1.1000000E+00   1.7931472E+00   1.4887447E+00   2.3905366E+00
   1.1500000E+00   1.8431472E+00   1.6105887E+00   2.4820932E+00
   1.2000000E+00   1.8931472E+00   1.7368343E+00   2.5664398E+00
   1.2500000E+00   1.9431472E+00   1.8670974E+00   2.6426425E+00
   1.3000000E+00   1.9931472E+00   2.0009489E+00   2.7098379E+00
   1.3500000E+00   2.0431472E+00   2.1379185E+00   2.7672445E+00
   1.4000000E+00   2.0931472E+00   2.2774991E+00   2.8141714E+00
   1.4500000E+00   2.1431472E+00   2.4191515E+00   2.8500271E+00
   1.5000000E+00   2.1931472E+00   2.5623096E+00   2.8743254E+00
   1.5500000E+00   2.2431472E+00   2.7063856E+00   2.8866905E+00
   1.6000000E+00   2.2931472E+00   2.8507757E+00   2.8868602E+00
   1.6500000E+00   2.3431472E+00   2.9948662E+00   2.8746871E+00
   1.7000000E+00   2.3931472E+00   3.1380385E+00   2.8501385E+00
   1.7500000E+00   2.4431472E+00   3.2796754E+00   2.8132943E+00
   1.8000000E+00   2.4931472E+00   3.4191664E+00   2.7643439E+00
   1.8500000E+00   2.5431472E+00   3.5559131E+00   2.7035809E+00
   1.9000000E+00   2.5931472E+00   3.6893343E+00   2.6313972E+00
   1.9500000E+00   2.6431472E+00   3.8188707E+00   2.5482759E+00
   2.0000000E+00   2.6931472E+00   3.9439892E+00   2.4547833E+00
   2.0500000E+00   2.7431472E+00   4.0641870E+00   2.3515596E+00
   2.1000000E+00   2.7931472E+00   4.1789948E+00   2.2393099E+00
   2.1500000E+00   2.8431472E+00   4.2879803E+00   2.1187946E+00
   2.2000000E+00   2.8931472E+00   4.3907500E+00   1.9908188E+00
   2.2500000E+00   2.9431472E+00   4.4869519E+00   1.8562229E+00
   2.3000000E+00   2.9931472E+00   4.5762765E+00   1.7158726E+00
   2.3500000E+00   3.0431472E+00   4.6584580E+00   1.5706491E+00
   2.4000000E+00   3.0931472E+00   4.7332750E+00   1.4214398E+00
   2.4500000E+00   3.1431472E+00   4.8005504E+00   1.2691298E+00
   2.5000000E+00   3.1931472E+00   4.8601509E+00   1.1145934E+00
   2.5500000E+00   3.2431472E+00   4.9119869E+00   9.5868686E-01
   2.6000000E+00   3.2931472E+00   4.9560106E+00   8.0224106E-01
   2.6500000E+00   3.3431472E+00   4.9922153E+00   6.4605574E-01
   2.7000000E+00   3.3931472E+00   5.0206332E+00   4.9089395E-01
   2.7500000E+00   3.4431472E+00   5.0413338E+00   3.3747744E-01
   2.8000000E+00   3.4931472E+00   5.0544213E+00   1.8648283E-01
   2.8500000E+00   3.5431472E+00   5.0600329E+00   3.8538488E-02
   2.9000000E+00   3.5931472E+00   5.0583356E+00  -1.0577782E-01
   2.9500000E+00   3.6431472E+00   5.0495242E+00  -2.4594064E-01
   3.0000000E+00   3.6931472E+00   5.0338186E+00  -3.8147779E-01
   3.0500000E+00   3.7431472E+00   5.0114605E+00  -5.1197085E-01
   3.1000000E+00   3.7931472E+00   4.9827116E+00  -6.3705490E-01
   3.1500000E+00   3.8431472E+00   4.9478503E+00  -7.5641792E-01
   3.2000000E+00   3.8931472E+00   4.9071694E+00  -8.6979963E-01
   3.2500000E+00   3.9431472E+00   4.8609734E+00  -9.7698995E-01
   3.3000000E+00   3.9931472E+00   4.8095762E+00  -1.0778271E+00
   3.3500000E+00   4.0431472E+00   4.7532984E+00  -1.1721955E+00
   3.4000000E+00   4.0931472E+00   4.6924656E+00  -1.2600232E+00
   3.4500000E+00   4.1431472E+00   4.6274056E+00  -1.3412794E+00
   3.5000000E+00   4.1931472E+00   4.5584470E+00  -1.4159716E+00
   3.5500000E+00   4.2431472E+00   4.4859170E+00  -1.4841425E+00
   3.6000000E+00   4.2931472E+00   4.4101400E+00  -1.5458678E+00
   3.6500000E+00   4.3431472E+00   4.3314358E+00  -1.6012522E+00
   3.7000000E+00   4.3931472E+00   4.2501182E+00  -1.6504273E+00
   3.7500000E+00   4.4431472E+00   4.1664939E+00  -1.6935482E+00
   3.8000000E+00   4.4931472E+00   4.0808613E+00  -1.7307907E+00
   3.8500000E+00   4.5431472E+00   3.9935095E+00  -1.7623489E+00
   3.9000000E+00   4.5931472E+00   3.9047176E+00  -1.7884318E+00
   3.9500000E+00   4.6431472E+00   3.8147538E+00  -1.8092614E+00
   4.0000000E+00   4.6931472E+00   3.7238750E+00  -1.8250700E+00
   4.0500000E+00   4.7431472E+00   3.6323264E+00  -1.8360978E+00
   4.1000000E+00   4.7931472E+00   3.5403408E+00  -1.8425912E+00
   4.1500000E+00   4.8431472E+00   3.4481386E+00  -1.8448001E+00
   4.2000000E+00   4.8931472E+00   3.3559279E+00  -1.8429766E+00
   4.2500000E+00   4.9431472E+00   3.2639039E+00  -1.8373735E+00
   4.3000000E+00   4.9931472E+00   3.1722493E+00  -1.8282419E+00
   4.3500000E+00   5.0431472E+00   3.0811343E+00  -1.8158308E+00
   4.4000000E+00   5.0931472E+00   2.9907167E+00  -1.8003854E+00
   4.4500000E+00   5.1431472E+00   2.9011422E+00  -1.7821460E+00
   4.5000000E+00   5.1931472E+00   2.8125447E+00  -1.7613470E+00
   4.5500000E+00   5.2431472E+00   2.7250463E+00  -1.7382165E+00
   4.6000000E+00   5.2931472E+00   2.6387582E+00  -1.7129752E+00
   4.6500000E+00   5.3431472E+00   2.5537804E+00  -1.6858358E+00
   4.7000000E+00   5.3931472E+00   2.4702028E+00  -1.6570030E+00
   4.7500000E+00   5.4431472E+00   2.3881050E+00  -1.6266724E+00
   4.8000000E+00   5.4931472E+00   2.3075573E+00  -1.5950310E+00
   4.8500000E+00   5.5431472E+00   2.2286208E+00  -1.5622564E+00
   4.9000000E+00   5.5931472E+00   2.1513477E+00  -1.5285172E+00
   4.9500000E+00   5.6431472E+00   2.0757824E+00  -1.4939723E+00
   5.0000000E+00   5.6931472E+00   2.0019614E+00  -1.4587717E+00
   5.0500000E+00   5.7431472E+00   1.9299138E+00  -1.4230560E+00
   5.1000000E+00   5.7931472E+00   1.8596621E+00  -1.3869566E+00
   5.1500000E+00   5.8431472E+00   1.7912225E+00  -1.3505963E+00
   5.2000000E+00   5.8931472E+00   1.7246049E+00  -1.3140889E+00
   5.2500000E+00   5.9431472E+00   1.6598142E+00  -1.2775397E+00
   5.3000000E+00   5.9931472E+00   1.5968500E+00  -1.2410462E+00
   5.3500000E+00   6.0431472E+00   1.5357072E+00  -1.2046974E+00
   5.4000000E+00   6.0931472E+00   1.4763765E+00  -1.1685750E+00
   5.4500000E+00   6.1431472E+00   1.4188446E+00  -1.1327534E+00
   5.5000000E+00   6.1931472E+00   1.3630950E+00  -1.0972998E+00
   5.5500000E+00   6.2431472E+00   1.3091075E+00  -1.0622749E+00
   5.6000000E+00   6.2931472E+00   1.2568594E+00  -1.0277332E+00
   5.6500000E+00   6.3431472E+00   1.2063253E+00  -9.9372278E-01
   5.7000000E+00   6.3931472E+00   1.1574775E+00  -9.6028652E-01
   5.7500000E+00   6.4431472E+00   1.1102865E+00  -9.2746173E-01
   5.8000000E+00   6.4931472E+00   1.0647206E+00  -8.9528078E-01
   5.8500000E+00   6.5431472E+00   1.0207472E+00  -8.6377135E-01
   5.9000000E+00   6.5931472E+00   9.7833190E-01  -8.3295675E-01
   5.9500000E+00   6.6431472E+00   9.3743958E-01  -8.0285624E-01
   6.0000000E+00   6.6931472E+00   8.9803411E-01  -7.7348530E-01
   6.0500000E+00   6.7431472E+00   8.6007868E-01  -7.4485589E-01
   6.1000000E+00   6.7931472E+00   8.2353600E-01  -7.1697680E-01
   6.1500000E+00   6.8431472E+00   7.8836839E-01  -6.8985380E-01
   6.2000000E+00   6.8931472E+00   7.5453796E-01  -6.6349000E-01
   6.2500000E+00   6.9431472E+00   7.2200672E-01  -6.3788599E-01
   6.3000000E+00   6.9931472E+00   6.9073672E-01  -6.1304013E-01
   6.3500000E+00   7.0431472E+00   6.6069013E-01  -5.8894873E-01
   6.4000000E+00   7.0931472E+00   6.3182936E-01  -5.6560625E-01
   6.4500000E+00   7.1431472E+00   6.0411714E-01  -5.4300551E-01
   6.5000000E+00   7.1931472E+00   5.7751659E-01  -5.2113785E-01
   6.5500000E+00   7.2431472E+00   5.5199130E-01  -4.9999329E-01
   6.6000000E+00   7.2931472E+00   5.2750539E-01  -4.7956070E-01
   6.6500000E+00   7.3431472E+00   5.0402356E-01  -4.5982794E-01
   6.7000000E+00   7.3931472E+00   4.8151115E-01  -4.4078201E-01
   6.7500000E+00   7.4431472E+00   4.5993414E-01  -4.2240912E-01
   6.8000000E+00   7.4931472E+00   4.3925925E-01  -4.0469488E-01
   6.8500000E+00   7.5431472E+00   4.1945392E-01  -3.8762436E-01
   6.9000000E+00   7.5931472E+00   4.0048634E-01  -3.7118219E-01
   6.9500000E+00   7.6431472E+00   3.8232549E-01  -3.5535267E-01
   7.0000000E+00   7.6931472E+00   3.6494113E-01  -3.4011985E-01
   7.0500000E+00   7.7431472E+00   3.4830383E-01  -3.2546758E-01
   7.1000000E+00   7.7931472E+00   3.3238497E-01  -3.1137960E-01
   7.1500000E+00   7.8431472E+00   3.1715674E-01  -2.9783962E-01
   7.2000000E+00   7.8931472E+00   3.0259214E-01  -2.8483132E-01
   7.2500000E+00   7.9431472E+00   2.8866501E-01  -2.7233847E-01
   7.3000000E+00   7.9931472E+00   2.7534998E-01  -2.6034491E-01
   7.3500000E+00   8.0431472E+00   2.6262247E-01  -2.4883466E-01
   7.4000000E+00   8.0931472E+00   2.5045872E-01  -2.3779187E-01
   7.4500000E+00   8.1431472E+00   2.3883575E-01  -2.2720094E-01
   7.5000000E+00   8.1931472E+00   2.2773135E-01  -2.1704648E-01
   7.5500000E+00   8.2431472E+00   2.1712408E-01  -2.0731338E-01
   7.6000000E+00   8.2931472E+00   2.0699324E-01  -1.9798681E-01
   7.6500000E+00   8.3431472E+00   1.9731886E-01  -1.8905222E-01
   7.7000000E+00   8.3931472E+00   1.8808172E-01  -1.8049539E-01
   7.7500000E+00   8.4431472E+00   1.7926326E-01  -1.7230244E-01
   7.8000000E+00   8.4931472E+00   1.7084564E-01  -1.6445981E-01
   7.8500000E+00   8.5431472E+00   1.6281166E-01  -1.5695428E-01
   7.9000000E+00   8.5931472E+00   1.5514480E-01  -1.4977299E-01
   7.9500000E+00   8.6431472E+00   1.4782917E-01  -1.4290344E-01
   8.0000000E+00   8.6931472E+00   1.4084947E-01  -1.3633347E-01
   8.0500000E+00   8.7431472E+00   1.3419102E-01  -1.3005129E-01
   8.1000000E+00   8.7931472E+00   1.2783973E-01  -1.2404548E-01
   8.1500000E+00   8.8431472E+00   1.2178206E-01  -1.1830495E-01
   8.2000000E+00   8.8931472E+00   1.1600500E-01  -1.1281898E-01
   8.2500000E+00   8.9431472E+00   1.1049609E-01  -1.0757720E-01
   8.3000000E+00   8.9931472E+00   1.0524337E-01  -1.0256958E-01
   8.3500000E+00   9.0431472E+00   1.0023539E-01  -9.7786444E-02
   8.4000000E+00   9.0931472E+00   9.5461144E-02  -9.3218430E-02
   8.4500000E+00   9.1431472E+00   9.0910111E-02  -8.8856526E-02
   8.5000000E+00   9.1931472E+00   8.6572202E-02  -8.4692035E-02
   8.5500000E+00   9.2431472E+00   8.2437757E-02  -8.0716578E-02
   8.6000000E+00   9.2931472E+00   7.8497528E-02  -7.6922085E-02
   8.6500000E+00   9.3431472E+00   7.4742662E-02  -7.3300789E-02
   8.7000000E+00   9.3931472E+00   7.1164688E-02  -6.9845215E-02
   8.7500000E+00   9.4431472E+00   6.7755499E-02  -6.6548176E-02
   8.8000000E+00   9.4931472E+00   6.4507343E-02  -6.3402763E-02
   8.8500000E+00   9.5431472E+00   6.1412807E-02  -6.0402339E-02
   8.9000000E+00   9.5931472E+00   5.8464800E-02  -5.7540527E-02
   8.9500000E+00   9.6431472E+00   5.5656546E-02  -5.4811207E-02
   9.0000000E+00   9.6931472E+00   5.2981569E-02  -5.2208504E-02
   9.0500000E+00   9.7431472E+00   5.0433680E-02  -4.9726784E-02
   9.1000000E+00   9.7931472E+00   4.8006965E-02  -4.7360640E-02
   9.1500000E+00   9.8431472E+00   4.5695776E-02  -4.5104892E-02
   9.2000000E+00   9.8931472E+00   4.3494719E-02  -4.2954573E-02
   9.2500000E+00   9.9431472E+00   4.1398641E-02  -4.0904925E-02
   9.3000000E+00   9.9931472E+00   3.9402624E-02  -3.8951390E-02
   9.3500000E+00   1.0043147E+01   3.7501973E-02  -3.7089604E-02
   9.4000000E+00   1.0093147E+01   3.5692205E-02  -3.5315388E-02
   9.4500000E+00   1.0143147E+01   3.3969042E-02  -3.3624743E-02
   9.5000000E+00   1.0193147E+01   3.2328402E-02  -3.2013843E-02
   9.5500000E+00   1.0243147E+01   3.0766390E-02  -3.0479028E-02
   9.6000000E+00   1.0293147E+01   2.9279289E-02  -2.9016795E-02
   9.6500000E+00   1.0343147E+01   2.7863556E-02  -2.7623799E-02
   9.7000000E+00   1.0393147E+01   2.6515809E-02  -2.6296837E-02
   9.7500000E+00   1.0443147E+01   2.5232823E-02  -2.5032850E-02
   9.8000000E+00   1.0493147E+01   2.4011523E-02  -2.3828916E-02
   9.8500000E+00   1.0543147E+01   2.2848977E-02  -2.2682242E-02
   9.9000000E+00   1.0593147E+01   2.1742390E-02  -2.1590157E-02
   9.9500000E+00   1.0643147E+01   2.0689095E-02  -2.0550115E-02
   1.0000000E+01   1.0693147E+01   1.9686551E-02  -1.9559680E-02
