   0.0000000E+00  -1.1086626E+00   0.0000000E+00   1.0000000E+00
   5.0000000E-02  -1.0586626E+00   1.1148894E-02  -3.5171146E-01
   1.0000000E-01  -1.0086626E+00  -8.2246545E-03  -1.8905229E-01
   1.5000000E-01  -9.5866262E-01  -2.9813031E-03   2.6042122E-01
   2.0000000E-01  -9.0866262E-01   6.5315982E-03   6.4745473E-02
   2.5000000E-01  -8.5866262E-01   2.4741540E-03  -1.7131591E-01
   3.0000000E-01  -8.0866262E-01  -4.8227955E-03  -8.4746666E-02
   3.5000000E-01  -7.5866262E-01  -4.3393568E-03   8.7976050E-02
   4.0000000E-01  -7.0866262E-01   1.3835765E-03   1.1457821E-01
   4.5000000E-01  -6.5866262E-01   4.9708297E-03   2.1857734E-02
   5.0000000E-01  -6.0866262E-01   3.6755031E-03  -6.4498726E-02
   5.5000000E-01  -5.5866262E-01  -2.5753915E-04  -8.1711604E-02
   6.0000000E-01  -5.0866262E-01  -3.5605422E-03  -4.5407195E-02
   6.5000000E-01  -4.5866262E-01  -4.5916227E-03   3.1770611E-03
   7.0000000E-01  -4.0866262E-01  -3.5172108E-03   3.6237169E-02
   7.5000000E-01  -3.5866262E-01  -1.3519284E-03   4.7066487E-02
   8.0000000E-01  -3.0866262E-01   9.1191718E-04   4.1584625E-02
   8.5000000E-01  -2.5866262E-01   2.6835830E-03   2.8727807E-02
   9.0000000E-01  -2.0866262E-01   3.7771108E-03   1.5292408E-02
   9.5000000E-01  -1.5866262E-01   4.2632952E-03   4.7669667E-03
   1.0000000E+00  -1.0866262E-01   4.3192506E-03  -1.9023376E-03
   1.0500000E+00  -5.8662625E-02   4.1306309E-03  -5.1442373E-03
   1.1000000E+00  -8.6626245E-03   3.8468208E-03  -5.8673211E-03
   1.1500000E+00   4.1337375E-02   3.5708852E-03  -4.9614754E-03
   1.2000000E+00   9.1337375E-02   3.3664296E-03  -3.0989615E-03
   1.2500000E+00   1.4133738E-01   3.2697138E-03  -7.0392823E-04
   1.3000000E+00   1.9133738E-01   3.3011967E-03   2.0067208E-03
   1.3500000E+00   2.4133738E-01   3.4744661E-03   4.9657564E-03
   1.4000000E+00   2.9133738E-01   3.8024157E-03   8.2054059E-03
   1.4500000E+00   3.4133738E-01   4.3012583E-03   1.1821383E-02
   1.5000000E+00   3.9133738E-01   4.9930868E-03   1.5950324E-02
   1.5500000E+00   4.4133738E-01   5.9075730E-03   2.0757281E-02
   1.6000000E+00   4.9133738E-01   7.0832194E-03   2.6429811E-02
   1.6500000E+00   5.4133738E-01   8.5684211E-03   3.3175915E-02
   1.7000000E+00   5.9133738E-01   1.0422479E-02   4.1223894E-02
   1.7500000E+00   6.4133738E-01   1.2716629E-02   5.0822864E-02
   1.8000000E+00   6.9133738E-01   1.5535089E-02   6.2243143E-02
   1.8500000E+00   7.4133738E-01   1.8976123E-02   7.5776044E-02
   1.9000000E+00   7.9133738E-01   2.3153065E-02   9.1732767E-02
   1.9500000E+00   8.4133738E-01   2.8195261E-02   1.1044225E-01
   2.0000000E+00   8.9133738E-01   3.4248883E-02   1.3224785E-01
   2.0500000E+00   9.4133738E-01   4.1477541E-02   1.5750293E-01
   2.1000000E+00   9.9133738E-01   5.0062648E-02   1.8656516E-01
   2.1500000E+00   1.0413374E+00   6.0203471E-02   2.1978987E-01
   2.2000000E+00   1.0913374E+00   7.2116824E-02   2.5752229E-01
   2.2500000E+00   1.1413374E+00   8.6036357E-02   3.0008908E-01
   2.3000000E+00   1.1913374E+00   1.0221140E-01   3.4778909E-01
   2.3500000E+00   1.2413374E+00   1.2090532E-01   4.0088381E-01
   2.4000000E+00   1.2913374E+00   1.4239344E-01   4.5958753E-01
   2.4500000E+00   1.3413374E+00   1.6696039E-01   5.2405780E-01
   2.5000000E+00   1.3913374E+00   1.9489709E-01   5.9438608E-01
   2.5500000E+00   1.4413374E+00   2.2649719E-01   6.7058933E-01
   2.6000000E+00   1.4913374E+00   2.6205316E-01   7.5260239E-01
   2.6500000E+00   1.5413374E+00   3.0185205E-01   8.4027181E-01
   2.7000000E+00   1.5913374E+00   3.4617089E-01   9.3335112E-01
   2.7500000E+00   1.6413374E+00   3.9527203E-01   1.0314978E+00
   2.8000000E+00   1.6913374E+00   4.4939824E-01   1.1342722E+00
   2.8500000E+00   1.7413374E+00   5.0876791E-01   1.2411383E+00
   2.9000000E+00   1.7913374E+00   5.7357027E-01   1.3514670E+00
   2.9500000E+00   1.8413374E+00   6.4396087E-01   1.4645407E+00
   3.0000000E+00   1.8913374E+00   7.2005731E-01   1.5795604E+00
   3.0500000E+00   1.9413374E+00   8.0193537E-01   1.6956545E+00
   3.1000000E+00   1.9913374E+00   8.8962566E-01   1.8118893E+00
   3.1500000E+00   2.0413374E+00   9.8311080E-01   1.9272807E+00
   3.2000000E+00   2.0913374E+00   1.0823232E+00   2.0408078E+00
   3.2500000E+00   2.1413374E+00   1.1871437E+00   2.1514265E+00
   3.3000000E+00   2.1913374E+00   1.2974004E+00   2.2580843E+00
   3.3500000E+00   2.2413374E+00   1.4128692E+00   2.3597354E+00
   3.4000000E+00   2.2913374E+00   1.5332740E+00   2.4553554E+00
   3.4500000E+00   2.3413374E+00   1.6582883E+00   2.5439562E+00
   3.5000000E+00   2.3913374E+00   1.7875375E+00   2.6245993E+00
   3.5500000E+00   2.4413374E+00   1.9206015E+00   2.6964099E+00
   3.6000000E+00   2.4913374E+00   2.0570184E+00   2.7585879E+00
   3.6500000E+00   2.5413374E+00   2.1962883E+00   2.8104189E+00
   3.7000000E+00   2.5913374E+00   2.3378779E+00   2.8512832E+00
   3.7500000E+00   2.6413374E+00   2.4812256E+00   2.8806631E+00
   3.8000000E+00   2.6913374E+00   2.6257463E+00   2.8981489E+00
   3.8500000E+00   2.7413374E+00   2.7708376E+00   2.9034425E+00
   3.9000000E+00   2.7913374E+00   2.9158846E+00   2.8963599E+00
   3.9500000E+00   2.8413374E+00   3.0602664E+00   2.8768310E+00
   4.0000000E+00   2.8913374E+00   3.2033613E+00   2.8448991E+00
   4.0500000E+00   2.9413374E+00   3.3445524E+00   2.8007176E+00
   4.1000000E+00   2.9913374E+00   3.4832335E+00   2.7445457E+00
   4.1500000E+00   3.0413374E+00   3.6188134E+00   2.6767431E+00
   4.2000000E+00   3.0913374E+00   3.7507217E+00   2.5977627E+00
   4.2500000E+00   3.1413374E+00   3.8784125E+00   2.5081435E+00
   4.3000000E+00   3.1913374E+00   4.0013691E+00   2.4085016E+00
   4.3500000E+00   3.2413374E+00   4.1191072E+00   2.2995214E+00
   4.4000000E+00   3.2913374E+00   4.2311781E+00   2.1819456E+00
   4.4500000E+00   3.3413374E+00   4.3371717E+00   2.0565656E+00
   4.5000000E+00   3.3913374E+00   4.4367185E+00   1.9242116E+00
   4.5500000E+00   3.4413374E+00   4.5294911E+00   1.7857425E+00
   4.6000000E+00   3.4913374E+00   4.6152055E+00   1.6420364E+00
   4.6500000E+00   3.5413374E+00   4.6936223E+00   1.4939808E+00
   4.7000000E+00   3.5913374E+00   4.7645460E+00   1.3424644E+00
   4.7500000E+00   3.6413374E+00   4.8278257E+00   1.1883680E+00
   4.8000000E+00   3.6913374E+00   4.8833542E+00   1.0325569E+00
   4.8500000E+00   3.7413374E+00   4.9310669E+00   8.7587389E-01
   4.9000000E+00   3.7913374E+00   4.9709406E+00   7.1913280E-01
   4.9500000E+00   3.8413374E+00   5.0029922E+00   5.6311272E-01
   5.0000000E+00   3.8913374E+00   5.0272762E+00   4.0855315E-01
   5.0500000E+00   3.9413374E+00   5.0438834E+00   2.5614987E-01
   5.1000000E+00   3.9913374E+00   5.0529379E+00   1.0655153E-01
   5.1500000E+00   4.0413374E+00   5.0545952E+00  -3.9642984E-02
   5.2000000E+00   4.0913374E+00   5.0490394E+00  -1.8188650E-01
   5.2500000E+00   4.1413374E+00   5.0364806E+00  -3.1968484E-01
   5.3000000E+00   4.1913374E+00   5.0171523E+00  -4.5259744E-01
   5.3500000E+00   4.2413374E+00   4.9913087E+00  -5.8023745E-01
   5.4000000E+00   4.2913374E+00   4.9592219E+00  -7.0227119E-01
   5.4500000E+00   4.3413374E+00   4.9211796E+00  -8.1841729E-01
   5.5000000E+00   4.3913374E+00   4.8774821E+00  -9.2844520E-01
   5.5500000E+00   4.4413374E+00   4.8284400E+00  -1.0321735E+00
   5.6000000E+00   4.4913374E+00   4.7743719E+00  -1.1294680E+00
   5.6500000E+00   4.5413374E+00   4.7156019E+00  -1.2202389E+00
   5.7000000E+00   4.5913374E+00   4.6524575E+00  -1.3044389E+00
   5.7500000E+00   4.6413374E+00   4.5852675E+00  -1.3820600E+00
   5.8000000E+00   4.6913374E+00   4.5143605E+00  -1.4531309E+00
   5.8500000E+00   4.7413374E+00   4.4400625E+00  -1.5177139E+00
   5.9000000E+00   4.7913374E+00   4.3626956E+00  -1.5759022E+00
   5.9500000E+00   4.8413374E+00   4.2825768E+00  -1.6278167E+00
   6.0000000E+00   4.8913374E+00   4.2000160E+00  -1.6736032E+00
   6.0500000E+00   4.9413374E+00   4.1153157E+00  -1.7134293E+00
   6.1000000E+00   4.9913374E+00   4.0287692E+00  -1.7474819E+00
   6.1500000E+00   5.0413374E+00   3.9406603E+00  -1.7759642E+00
   6.2000000E+00   5.0913374E+00   3.8512619E+00  -1.7990934E+00
   6.2500000E+00   5.1413374E+00   3.7608363E+00  -1.8170977E+00
   6.3000000E+00   5.1913374E+00   3.6696335E+00  -1.8302146E+00
   6.3500000E+00   5.2413374E+00   3.5778921E+00  -1.8386880E+00
   6.4000000E+00   5.2913374E+00   3.4858379E+00  -1.8427670E+00
   6.4500000E+00   5.3413374E+00   3.3936844E+00  -1.8427029E+00
   6.5000000E+00   5.3913374E+00   3.3016324E+00  -1.8387487E+00
   6.5500000E+00   5.4413374E+00   3.2098701E+00  -1.8311563E+00
   6.6000000E+00   5.4913374E+00   3.1185731E+00  -1.8201762E+00
   6.6500000E+00   5.5413374E+00   3.0279047E+00  -1.8060551E+00
   6.7000000E+00   5.5913374E+00   2.9380159E+00  -1.7890358E+00
   6.7500000E+00   5.6413374E+00   2.8490454E+00  -1.7693555E+00
   6.8000000E+00   5.6913374E+00   2.7611208E+00  -1.7472450E+00
   6.8500000E+00   5.7413374E+00   2.6743577E+00  -1.7229283E+00
   6.9000000E+00   5.7913374E+00   2.5888610E+00  -1.6966218E+00
   6.9500000E+00   5.8413374E+00   2.5047251E+00  -1.6685336E+00
   7.0000000E+00   5.8913374E+00   2.4220340E+00  -1.6388633E+00
   7.0500000E+00   5.9413374E+00   2.3408619E+00  -1.6078017E+00
   7.1000000E+00   5.9913374E+00   2.2612739E+00  -1.5755306E+00
   7.1500000E+00   6.0413374E+00   2.1833261E+00  -1.5422223E+00
   7.2000000E+00   6.0913374E+00   2.1070662E+00  -1.5080399E+00
   7.2500000E+00   6.1413374E+00   2.0325341E+00  -1.4731375E+00
   7.3000000E+00   6.1913374E+00   1.9597620E+00  -1.4376594E+00
   7.3500000E+00   6.2413374E+00   1.8887754E+00  -1.4017413E+00
   7.4000000E+00   6.2913374E+00   1.8195931E+00  -1.3655095E+00
   7.4500000E+00   6.3413374E+00   1.7522277E+00  -1.3290817E+00
   7.5000000E+00   6.3913374E+00   1.6866863E+00  -1.2925669E+00
   7.5500000E+00   6.4413374E+00   1.6229708E+00  -1.2560658E+00
   7.6000000E+00   6.4913374E+00   1.5610780E+00  -1.2196712E+00
   7.6500000E+00   6.5413374E+00   1.5010004E+00  -1.1834679E+00
   7.7000000E+00   6.5913374E+00   1.4427267E+00  -1.1475333E+00
   7.7500000E+00   6.6413374E+00   1.3862414E+00  -1.1119378E+00
   7.8000000E+00   6.6913374E+00   1.3315262E+00  -1.0767448E+00
   7.8500000E+00   6.7413374E+00   1.2785593E+00  -1.0420115E+00
   7.9000000E+00   6.7913374E+00   1.2273165E+00  -1.0077887E+00
   7.9500000E+00   6.8413374E+00   1.1777711E+00  -9.7412149E-01
   8.0000000E+00   6.8913374E+00   1.1298944E+00  -9.4104955E-01
   8.0500000E+00   6.9413374E+00   1.0836557E+00  -9.0860737E-01
   8.1000000E+00   6.9913374E+00   1.0390227E+00  -8.7682463E-01
   8.1500000E+00   7.0413374E+00   9.9596178E-01  -8.4572650E-01
   8.2000000E+00   7.0913374E+00   9.5443824E-01  -8.1533396E-01
   8.2500000E+00   7.1413374E+00   9.1441633E-01  -7.8566411E-01
   8.3000000E+00   7.1913374E+00   8.7585955E-01  -7.5673040E-01
   8.3500000E+00   7.2413374E+00   8.3873084E-01  -7.2854298E-01
   8.4000000E+00   7.2913374E+00   8.0299269E-01  -7.0110891E-01
   8.4500000E+00   7.3413374E+00   7.6860732E-01  -6.7443242E-01
   8.5000000E+00   7.3913374E+00   7.3553679E-01  -6.4851519E-01
   8.5500000E+00   7.4413374E+00   7.0374315E-01  -6.2335653E-01
   8.6000000E+00   7.4913374E+00   6.7318853E-01  -5.9895361E-01
   8.6500000E+00   7.5413374E+00   6.4383527E-01  -5.7530170E-01
   8.7000000E+00   7.5913374E+00   6.1564595E-01  -5.5239431E-01
   8.7500000E+00   7.6413374E+00   5.8858355E-01  -5.3022342E-01
   8.8000000E+00   7.6913374E+00   5.6261149E-01  -5.0877960E-01
   8.8500000E+00   7.7413374E+00   5.3769365E-01  -4.8805224E-01
   8.9000000E+00   7.7913374E+00   5.1379451E-01  -4.6802961E-01
   8.9500000E+00   7.8413374E+00   4.9087915E-01  -4.4869908E-01
   9.0000000E+00   7.8913374E+00   4.6891329E-01  -4.3004722E-01
   9.0500000E+00   7.9413374E+00   4.4786335E-01  -4.1205989E-01
   9.1000000E+00   7.9913374E+00   4.2769647E-01  -3.9472238E-01
   9.1500000E+00   8.0413374E+00   4.0838053E-01  -3.7801954E-01
   9.2000000E+00   8.0913374E+00   3.8988420E-01  -3.6193580E-01
   9.2500000E+00   8.1413374E+00   3.7217690E-01  -3.4645531E-01
   9.3000000E+00   8.1913374E+00   3.5522888E-01  -3.3156203E-01
   9.3500000E+00   8.2413374E+00   3.3901118E-01  -3.1723975E-01
   9.4000000E+00   8.2913374E+00   3.2349566E-01  -3.0347219E-01
   9.4500000E+00   8.3413374E+00   3.0865499E-01  -2.9024304E-01
   9.5000000E+00   8.3913374E+00   2.9446265E-01  -2.7753606E-01
   9.5500000E+00   8.4413374E+00   2.8089295E-01  -2.6533505E-01
   9.6000000E+00   8.4913374E+00   2.6792098E-01  -2.5362396E-01
   9.6500000E+00   8.5413374E+00   2.5552265E-01  -2.4238689E-01
   9.7000000E+00   8.5913374E+00   2.4367465E-01  -2.3160814E-01
   9.7500000E+00   8.6413374E+00   2.3235446E-01  -2.2127224E-01
   9.8000000E+00   8.6913374E+00   2.2154030E-01  -2.1136396E-01
   9.8500000E+00   8.7413374E+00   2.1121118E-01  -2.0186836E-01
   9.9000000E+00   8.7913374E+00   2.0134683E-01  -1.9277077E-01
   9.9500000E+00   8.8413374E+00   1.9192771E-01  -1.8405685E-01
   1.0000000E+01   8.8913374E+00   1.8293499E-01  -1.7571257E-01
   0.0000000E+00  -6.9314718E-01   0.0000000E+00   1.0000000E+00
   5.0000000E-02  -6.4314718E-01   3.7956963E-02   4.2396726E-01
   1.0000000E-01  -5.9314718E-01   3.9109587E-02  -3.3588045E-01
   1.5000000E-01  -5.4314718E-01   1.2018689E-02  -6.6282889E-01
   2.0000000E-01  -4.9314718E-01  -1.9044486E-02  -5.2455456E-01
   2.5000000E-01  -4.4314718E-01  -3.6899907E-02  -1.7970469E-01
   3.0000000E-01  -3.9314718E-01  -3.7629685E-02   1.3274471E-01
   3.5000000E-01  -3.4314718E-01  -2.6019512E-02   3.0744452E-01
   4.0000000E-01  -2.9314718E-01  -9.1873798E-03   3.4746355E-01
   4.5000000E-01  -2.4314718E-01   7.2926343E-03   3.0236758E-01
   5.0000000E-01  -1.9314718E-01   2.0493617E-02   2.2353964E-01
   5.5000000E-01  -1.4314718E-01   2.9676890E-02   1.4581922E-01
   6.0000000E-01  -9.3147181E-02   3.5386856E-02   8.6224293E-02
   6.5000000E-01  -4.3147181E-02   3.8682973E-02   4.9357792E-02
   7.0000000E-01   6.8528194E-03   4.0671997E-02   3.3366730E-02
   7.5000000E-01   5.6852819E-02   4.2299286E-02   3.4181679E-02
   8.0000000E-01   1.0685282E-01   4.4303219E-02   4.7852138E-02
   8.5000000E-01   1.5685282E-01   4.7249877E-02   7.1523378E-02
   9.0000000E-01   2.0685282E-01   5.1595373E-02   1.0365179E-01
   9.5000000E-01   2.5685282E-01   5.7749191E-02   1.4388364E-01
   1.0000000E+00   3.0685282E-01   6.6128370E-02   1.9283857E-01
   1.0500000E+00   3.5685282E-01   7.7200989E-02   2.5190896E-01
   1.1000000E+00   4.0685282E-01   9.1520877E-02   3.2311245E-01
   1.1500000E+00   4.5685282E-01   1.0975634E-01   4.0899859E-01
   1.2000000E+00   5.0685282E-01   1.3271533E-01   5.1259768E-01
   1.2500000E+00   5.5685282E-01   1.6136879E-01   6.3739666E-01
   1.3000000E+00   6.0685282E-01   1.9687322E-01   7.8732889E-01
   1.3500000E+00   6.5685282E-01   2.4059279E-01   9.6676734E-01
   1.4000000E+00   7.0685282E-01   2.9412112E-01   1.1805133E+00
   1.4500000E+00   7.5685282E-01   3.5930216E-01   1.4337751E+00
   1.5000000E+00   8.0685282E-01   4.3824977E-01   1.7321325E+00
   1.5500000E+00   8.5685282E-01   5.3336502E-01   2.0814845E+00
   1.6000000E+00   9.0685282E-01   6.4735048E-01   2.4879783E+00
   1.6500000E+00   9.5685282E-01   7.8322045E-01   2.9579193E+00
   1.7000000E+00   1.0068528E+00   9.4430622E-01   3.4976621E+00
   1.7500000E+00   1.0568528E+00   1.1342554E+00   4.1134827E+00
   1.8000000E+00   1.1068528E+00   1.3570246E+00   4.8114356E+00
   1.8500000E+00   1.1568528E+00   1.6168641E+00   5.5971965E+00
   1.9000000E+00   1.2068528E+00   1.9182953E+00   6.4758953E+00
   1.9500000E+00   1.2568528E+00   2.2660788E+00   7.4519436E+00
   2.0000000E+00   1.3068528E+00   2.6651741E+00   8.5288602E+00
   2.0500000E+00   1.3568528E+00   3.1206908E+00   9.7091008E+00
   2.1000000E+00   1.4068528E+00   3.6378313E+00   1.0993897E+01
   2.1500000E+00   1.4568528E+00   4.2218259E+00   1.2383111E+01
   2.2000000E+00   1.5068528E+00   4.8778610E+00   1.3875103E+01
   2.2500000E+00   1.5568528E+00   5.6110015E+00   1.5466635E+01
   2.3000000E+00   1.6068528E+00   6.4261085E+00   1.7152791E+01
   2.3500000E+00   1.6568528E+00   7.3277546E+00   1.8926936E+01
   2.4000000E+00   1.7068528E+00   8.3201372E+00   2.0780705E+01
   2.4500000E+00   1.7568528E+00   9.4069929E+00   2.2704033E+01
   2.5000000E+00   1.8068528E+00   1.0591514E+01   2.4685215E+01
   2.5500000E+00   1.8568528E+00   1.1876267E+01   2.6711010E+01
   2.6000000E+00   1.9068528E+00   1.3263124E+01   2.8766771E+01
   2.6500000E+00   1.9568528E+00   1.4753189E+01   3.0836612E+01
   2.7000000E+00   2.0068528E+00   1.6346747E+01   3.2903607E+01
   2.7500000E+00   2.0568528E+00   1.8043216E+01   3.4950002E+01
   2.8000000E+00   2.1068528E+00   1.9841109E+01   3.6957463E+01
   2.8500000E+00   2.1568528E+00   2.1738012E+01   3.8907323E+01
   2.9000000E+00   2.2068528E+00   2.3730579E+01   4.0780850E+01
   2.9500000E+00   2.2568528E+00   2.5814526E+01   4.2559511E+01
   3.0000000E+00   2.3068528E+00   2.7984657E+01   4.4225238E+01
   3.0500000E+00   2.3568528E+00   3.0234888E+01   4.5760684E+01
   3.1000000E+00   2.4068528E+00   3.2558290E+01   4.7149468E+01
   3.1500000E+00   2.4568528E+00   3.4947145E+01   4.8376401E+01
   3.2000000E+00   2.5068528E+00   3.7393011E+01   4.9427691E+01
   3.2500000E+00   2.5568528E+00   3.9886791E+01   5.0291125E+01
   3.3000000E+00   2.6068528E+00   4.2418825E+01   5.0956218E+01
   3.3500000E+00   2.6568528E+00   4.4978970E+01   5.1414342E+01
   3.4000000E+00   2.7068528E+00   4.7556705E+01   5.1658810E+01
   3.4500000E+00   2.7568528E+00   5.0141219E+01   5.1684942E+01
   3.5000000E+00   2.8068528E+00   5.2721521E+01   5.1490090E+01
   3.5500000E+00   2.8568528E+00   5.5286539E+01   5.1073639E+01
   3.6000000E+00   2.9068528E+00   5.7825220E+01   5.0436973E+01
   3.6500000E+00   2.9568528E+00   6.0326626E+01   4.9583419E+01
   3.7000000E+00   3.0068528E+00   6.2780037E+01   4.8518157E+01
   3.7500000E+00   3.0568528E+00   6.5175033E+01   4.7248123E+01
   3.8000000E+00   3.1068528E+00   6.7501582E+01   4.5781872E+01
   3.8500000E+00   3.1568528E+00   6.9750120E+01   4.4129446E+01
   3.9000000E+00   3.2068528E+00   7.1911616E+01   4.2302209E+01
   3.9500000E+00   3.2568528E+00   7.3977638E+01   4.0312689E+01
   4.0000000E+00   3.3068528E+00   7.5940407E+01   3.8174399E+01
   4.0500000E+00   3.3568528E+00   7.7792839E+01   3.5901666E+01
   4.1000000E+00   3.4068528E+00   7.9528584E+01   3.3509448E+01
   4.1500000E+00   3.4568528E+00   8.1142051E+01   3.1013164E+01
   4.2000000E+00   3.5068528E+00   8.2628428E+01   2.8428520E+01
   4.2500000E+00   3.5568528E+00   8.3983694E+01   2.5771344E+01
   4.3000000E+00   3.6068528E+00   8.5204618E+01   2.3057430E+01
   4.3500000E+00   3.6568528E+00   8.6288752E+01   2.0302392E+01
   4.4000000E+00   3.7068528E+00   8.7234427E+01   1.7521526E+01
   4.4500000E+00   3.7568528E+00   8.8040722E+01   1.4729693E+01
   4.5000000E+00   3.8068528E+00   8.8707451E+01   1.1941200E+01
   4.5500000E+00   3.8568528E+00   8.9235125E+01   9.1697113E+00
   4.6000000E+00   3.9068528E+00   8.9624921E+01   6.4281601E+00
   4.6500000E+00   3.9568528E+00   8.9878642E+01   3.7286816E+00
   4.7000000E+00   4.0068528E+00   8.9998678E+01   1.0825553E+00
   4.7500000E+00   4.0568528E+00   8.9987959E+01  -1.4998371E+00
   4.8000000E+00   4.1068528E+00   8.9849913E+01  -4.0090435E+00
   4.8500000E+00   4.1568528E+00   8.9588415E+01  -6.4365597E+00
   4.9000000E+00   4.2068528E+00   8.9207743E+01  -8.7748379E+00
   4.9500000E+00   4.2568528E+00   8.8712528E+01  -1.1017285E+01
   5.0000000E+00   4.3068528E+00   8.8107705E+01  -1.3158250E+01
   5.0500000E+00   4.3568528E+00   8.7398471E+01  -1.5193007E+01
   5.1000000E+00   4.4068528E+00   8.6590237E+01  -1.7117725E+01
   5.1500000E+00   4.4568528E+00   8.5688581E+01  -1.8929440E+01
   5.2000000E+00   4.5068528E+00   8.4699211E+01  -2.0626011E+01
   5.2500000E+00   4.5568528E+00   8.3627920E+01  -2.2206079E+01
   5.3000000E+00   4.6068528E+00   8.2480553E+01  -2.3669026E+01
   5.3500000E+00   4.6568528E+00   8.1262967E+01  -2.5014915E+01
   5.4000000E+00   4.7068528E+00   7.9981000E+01  -2.6244450E+01
   5.4500000E+00   4.7568528E+00   7.8640438E+01  -2.7358918E+01
   5.5000000E+00   4.8068528E+00   7.7246994E+01  -2.8360134E+01
   5.5500000E+00   4.8568528E+00   7.5806273E+01  -2.9250396E+01
   5.6000000E+00   4.9068528E+00   7.4323756E+01  -3.0032426E+01
   5.6500000E+00   4.9568528E+00   7.2804781E+01  -3.0709320E+01
   5.7000000E+00   5.0068528E+00   7.1254518E+01  -3.1284503E+01
   5.7500000E+00   5.0568528E+00   6.9677963E+01  -3.1761673E+01
   5.8000000E+00   5.1068528E+00   6.8079917E+01  -3.2144763E+01
   5.8500000E+00   5.1568528E+00   6.6464984E+01  -3.2437895E+01
   5.9000000E+00   5.2068528E+00   6.4837555E+01  -3.2645334E+01
   5.9500000E+00   5.2568528E+00   6.3201805E+01  -3.2771458E+01
   6.0000000E+00   5.3068528E+00   6.1561689E+01  -3.2820717E+01
   6.0500000E+00   5.3568528E+00   5.9920938E+01  -3.2797599E+01
   6.1000000E+00   5.4068528E+00   5.8283059E+01  -3.2706606E+01
   6.1500000E+00   5.4568528E+00   5.6651333E+01  -3.2552218E+01
   6.2000000E+00   5.5068528E+00   5.5028818E+01  -3.2338876E+01
   6.2500000E+00   5.5568528E+00   5.3418353E+01  -3.2070957E+01
   6.3000000E+00   5.6068528E+00   5.1822559E+01  -3.1752750E+01
   6.3500000E+00   5.6568528E+00   5.0243846E+01  -3.1388448E+01
   6.4000000E+00   5.7068528E+00   4.8684414E+01  -3.0982125E+01
   6.4500000E+00   5.7568528E+00   4.7146267E+01  -3.0537727E+01
   6.5000000E+00   5.8068528E+00   4.5631211E+01  -3.0059063E+01
   6.5500000E+00   5.8568528E+00   4.4140869E+01  -2.9549793E+01
   6.6000000E+00   5.9068528E+00   4.2676683E+01  -2.9013423E+01
   6.6500000E+00   5.9568528E+00   4.1239922E+01  -2.8453301E+01
   6.7000000E+00   6.0068528E+00   3.9831695E+01  -2.7872610E+01
   6.7500000E+00   6.0568528E+00   3.8452953E+01  -2.7274370E+01
   6.8000000E+00   6.1068528E+00   3.7104502E+01  -2.6661435E+01
   6.8500000E+00   6.1568528E+00   3.5787009E+01  -2.6036493E+01
   6.9000000E+00   6.2068528E+00   3.4501010E+01  -2.5402068E+01
   6.9500000E+00   6.2568528E+00   3.3246920E+01  -2.4760522E+01
   7.0000000E+00   6.3068528E+00   3.2025039E+01  -2.4114058E+01
   7.0500000E+00   6.3568528E+00   3.0835561E+01  -2.3464721E+01
   7.1000000E+00   6.4068528E+00   2.9678583E+01  -2.2814408E+01
   7.1500000E+00   6.4568528E+00   2.8554107E+01  -2.2164867E+01
   7.2000000E+00   6.5068528E+00   2.7462056E+01  -2.1517704E+01
   7.2500000E+00   6.5568528E+00   2.6402272E+01  -2.0874390E+01
   7.3000000E+00   6.6068528E+00   2.5374530E+01  -2.0236263E+01
   7.3500000E+00   6.6568528E+00   2.4378539E+01  -1.9604537E+01
   7.4000000E+00   6.7068528E+00   2.3413951E+01  -1.8980307E+01
   7.4500000E+00   6.7568528E+00   2.2480367E+01  -1.8364554E+01
   7.5000000E+00   6.8068528E+00   2.1577339E+01  -1.7758152E+01
   7.5500000E+00   6.8568528E+00   2.0704382E+01  -1.7161872E+01
   7.6000000E+00   6.9068528E+00   1.9860972E+01  -1.6576392E+01
   7.6500000E+00   6.9568528E+00   1.9046553E+01  -1.6002299E+01
   7.7000000E+00   7.0068528E+00   1.8260544E+01  -1.5440095E+01
   7.7500000E+00   7.0568528E+00   1.7502338E+01  -1.4890206E+01
   7.8000000E+00   7.1068528E+00   1.6771312E+01  -1.4352982E+01
   7.8500000E+00   7.1568528E+00   1.6066824E+01  -1.3828708E+01
   7.9000000E+00   7.2068528E+00   1.5388221E+01  -1.3317605E+01
   7.9500000E+00   7.2568528E+00   1.4734841E+01  -1.2819834E+01
   8.0000000E+00   7.3068528E+00   1.4106014E+01  -1.2335508E+01
   8.0500000E+00   7.3568528E+00   1.3501065E+01  -1.1864685E+01
   8.1000000E+00   7.4068528E+00   1.2919320E+01  -1.1407382E+01
   8.1500000E+00   7.4568528E+00   1.2360102E+01  -1.0963575E+01
   8.2000000E+00   7.5068528E+00   1.1822738E+01  -1.0533203E+01
   8.2500000E+00   7.5568528E+00   1.1306559E+01  -1.0116170E+01
   8.3000000E+00   7.6068528E+00   1.0810901E+01  -9.7123541E+00
   8.3500000E+00   7.6568528E+00   1.0335106E+01  -9.3216027E+00
   8.4000000E+00   7.7068528E+00   9.8785257E+00  -8.9437416E+00
   8.4500000E+00   7.7568528E+00   9.4405202E+00  -8.5785751E+00
   8.5000000E+00   7.8068528E+00   9.0204601E+00  -8.2258895E+00
   8.5500000E+00   7.8568528E+00   8.6177270E+00  -7.8854551E+00
   8.6000000E+00   7.9068528E+00   8.2317144E+00  -7.5570284E+00
   8.6500000E+00   7.9568528E+00   7.8618283E+00  -7.2403546E+00
   8.7000000E+00   8.0068528E+00   7.5074875E+00  -6.9351689E+00
   8.7500000E+00   8.0568528E+00   7.1681244E+00  -6.6411991E+00
   8.8000000E+00   8.1068528E+00   6.8431853E+00  -6.3581663E+00
   8.8500000E+00   8.1568528E+00   6.5321302E+00  -6.0857871E+00
   8.9000000E+00   8.2068528E+00   6.2344338E+00  -5.8237747E+00
   8.9500000E+00   8.2568528E+00   5.9495848E+00  -5.5718399E+00
   9.0000000E+00   8.3068528E+00   5.6770866E+00  -5.3296927E+00
   9.0500000E+00   8.3568528E+00   5.4164572E+00  -5.0970430E+00
   9.1000000E+00   8.4068528E+00   5.1672289E+00  -4.8736015E+00
   9.1500000E+00   8.4568528E+00   4.9289484E+00  -4.6590807E+00
   9.2000000E+00   8.5068528E+00   4.7011768E+00  -4.4531955E+00
   9.2500000E+00   8.5568528E+00   4.4834896E+00  -4.2556639E+00
   9.3000000E+00   8.6068528E+00   4.2754759E+00  -4.0662075E+00
   9.3500000E+00   8.6568528E+00   4.0767388E+00  -3.8845520E+00
   9.4000000E+00   8.7068528E+00   3.8868951E+00  -3.7104280E+00
   9.4500000E+00   8.7568528E+00   3.7055749E+00  -3.5435707E+00
   9.5000000E+00   8.8068528E+00   3.5324213E+00  -3.3837208E+00
   9.5500000E+00   8.8568528E+00   3.3670903E+00  -3.2306245E+00
   9.6000000E+00   8.9068528E+00   3.2092504E+00  -3.0840339E+00
   9.6500000E+00   8.9568528E+00   3.0585825E+00  -2.9437070E+00
   9.7000000E+00   9.0068528E+00   2.9147793E+00  -2.8094079E+00
   9.7500000E+00   9.0568528E+00   2.7775451E+00  -2.6809069E+00
   9.8000000E+00   9.1068528E+00   2.6465957E+00  -2.5579808E+00
   9.8500000E+00   9.1568528E+00   2.5216577E+00  -2.4404124E+00
   9.9000000E+00   9.2068528E+00   2.4024686E+00  -2.3279913E+00
   9.9500000E+00   9.2568528E+00   2.2887762E+00  -2.2205131E+00
   1.0000000E+01   9.3068528E+00   2.1803383E+00  -2.1177799E+00
   0.0000000E+00  -4.0047757E-01   0.0000000E+00   1.0000000E+00
   5.0000000E-02  -3.5047757E-01   4.3880634E-02   7.2076611E-01
   1.0000000E-01  -3.0047757E-01   7.0401843E-02   3.3937249E-01
   1.5000000E-01  -2.5047757E-01   7.8801799E-02   1.2742477E-02
   2.0000000E-01  -2.0047757E-01   7.3622833E-02  -2.0045480E-01
   2.5000000E-01  -1.5047757E-01   6.0599836E-02  -3.0471587E-01
   3.0000000E-01  -1.0047757E-01   4.4461637E-02  -3.3077076E-01
   3.5000000E-01  -5.0477567E-02   2.8263635E-02  -3.1218084E-01
   4.0000000E-01  -4.7756660E-04   1.3544810E-02  -2.7516674E-01
   4.5000000E-01   4.9522433E-02   7.6742649E-04  -2.3663607E-01
   5.0000000E-01   9.9522433E-02  -1.0250817E-02  -2.0585798E-01
   5.5000000E-01   1.4952243E-01  -2.0018731E-02  -1.8703910E-01
   6.0000000E-01   1.9952243E-01  -2.9177101E-02  -1.8157148E-01
   6.5000000E-01   2.4952243E-01  -3.8400190E-02  -1.8961023E-01
   7.0000000E-01   2.9952243E-01  -4.8360162E-02  -2.1103542E-01
   7.5000000E-01   3.4952243E-01  -5.9727776E-02  -2.4597096E-01
   8.0000000E-01   3.9952243E-01  -7.3191513E-02  -2.9502710E-01
   8.5000000E-01   4.4952243E-01  -8.9484578E-02  -3.5938947E-01
   9.0000000E-01   4.9952243E-01  -1.0941420E-01  -4.4083195E-01
   9.5000000E-01   5.4952243E-01  -1.3389062E-01  -5.4169674E-01
   1.0000000E+00   5.9952243E-01  -1.6395476E-01  -6.6486288E-01
   1.0500000E+00   6.4952243E-01  -2.0080421E-01  -8.1371125E-01
   1.1000000E+00   6.9952243E-01  -2.4581736E-01  -9.9208757E-01
   1.1500000E+00   7.4952243E-01  -3.0057568E-01  -1.2042615E+00
   1.2000000E+00   7.9952243E-01  -3.6688377E-01  -1.4548791E+00
   1.2500000E+00   8.4952243E-01  -4.4678675E-01  -1.7489054E+00
   1.3000000E+00   8.9952243E-01  -5.4258456E-01  -2.0915552E+00
   1.3500000E+00   9.4952243E-01  -6.5684242E-01  -2.4882102E+00
   1.4000000E+00   9.9952243E-01  -7.9239684E-01  -2.9443216E+00
   1.4500000E+00   1.0495224E+00  -9.5235632E-01  -3.4652990E+00
   1.5000000E+00   1.0995224E+00  -1.1400962E+00  -4.0563857E+00
   1.5500000E+00   1.1495224E+00  -1.3592471E+00  -4.7225231E+00
   1.6000000E+00   1.1995224E+00  -1.6136761E+00  -5.4682063E+00
   1.6500000E+00   1.2495224E+00  -1.9074607E+00  -6.2973352E+00
   1.7000000E+00   1.2995224E+00  -2.2448557E+00  -7.2130628E+00
   1.7500000E+00   1.3495224E+00  -2.6302512E+00  -8.2176480E+00
   1.8000000E+00   1.3995224E+00  -3.0681256E+00  -9.3123144E+00
   1.8500000E+00   1.4495224E+00  -3.5629894E+00  -1.0497121E+01
   1.9000000E+00   1.4995224E+00  -4.1193246E+00  -1.1770851E+01
   1.9500000E+00   1.5495224E+00  -4.7415188E+00  -1.3130918E+01
   2.0000000E+00   1.5995224E+00  -5.4337942E+00  -1.4573296E+01
   2.0500000E+00   1.6495224E+00  -6.2001349E+00  -1.6092483E+01
   2.1000000E+00   1.6995224E+00  -7.0442128E+00  -1.7681482E+01
   2.1500000E+00   1.7495224E+00  -7.9693129E+00  -1.9331828E+01
   2.2000000E+00   1.7995224E+00  -8.9782608E+00  -2.1033628E+01
   2.2500000E+00   1.8495224E+00  -1.0073354E+01  -2.2775653E+01
   2.3000000E+00   1.8995224E+00  -1.1256297E+01  -2.4545440E+01
   2.3500000E+00   1.9495224E+00  -1.2528143E+01  -2.6329438E+01
   2.4000000E+00   1.9995224E+00  -1.3889245E+01  -2.8113171E+01
   2.4500000E+00   2.0495224E+00  -1.5339211E+01  -2.9881421E+01
   2.5000000E+00   2.0995224E+00  -1.6876875E+01  -3.1618438E+01
   2.5500000E+00   2.1495224E+00  -1.8500275E+01  -3.3308154E+01
   2.6000000E+00   2.1995224E+00  -2.0206641E+01  -3.4934408E+01
   2.6500000E+00   2.2495224E+00  -2.1992399E+01  -3.6481180E+01
   2.7000000E+00   2.2995224E+00  -2.3853182E+01  -3.7932816E+01
   2.7500000E+00   2.3495224E+00  -2.5783852E+01  -3.9274252E+01
   2.8000000E+00   2.3995224E+00  -2.7778540E+01  -4.0491229E+01
   2.8500000E+00   2.4495224E+00  -2.9830687E+01  -4.1570486E+01
   2.9000000E+00   2.4995224E+00  -3.1933099E+01  -4.2499943E+01
   2.9500000E+00   2.5495224E+00  -3.4078013E+01  -4.3268859E+01
   3.0000000E+00   2.5995224E+00  -3.6257162E+01  -4.3867969E+01
   3.0500000E+00   2.6495224E+00  -3.8461857E+01  -4.4289590E+01
   3.1000000E+00   2.6995224E+00  -4.0683068E+01  -4.4527707E+01
   3.1500000E+00   2.7495224E+00  -4.2911503E+01  -4.4578029E+01
   3.2000000E+00   2.7995224E+00  -4.5137703E+01  -4.4438015E+01
   3.2500000E+00   2.8495224E+00  -4.7352124E+01  -4.4106879E+01
   3.3000000E+00   2.8995224E+00  -4.9545226E+01  -4.3585564E+01
   3.3500000E+00   2.9495224E+00  -5.1707558E+01  -4.2876696E+01
   3.4000000E+00   2.9995224E+00  -5.3829844E+01  -4.1984516E+01
   3.4500000E+00   3.0495224E+00  -5.5903054E+01  -4.0914786E+01
   3.5000000E+00   3.0995224E+00  -5.7918486E+01  -3.9674689E+01
   3.5500000E+00   3.1495224E+00  -5.9867827E+01  -3.8272703E+01
   3.6000000E+00   3.1995224E+00  -6.1743221E+01  -3.6718470E+01
   3.6500000E+00   3.2495224E+00  -6.3537316E+01  -3.5022655E+01
   3.7000000E+00   3.2995224E+00  -6.5243320E+01  -3.3196795E+01
   3.7500000E+00   3.3495224E+00  -6.6855034E+01  -3.1253151E+01
   3.8000000E+00   3.3995224E+00  -6.8366887E+01  -2.9204553E+01
   3.8500000E+00   3.4495224E+00  -6.9773962E+01  -2.7064247E+01
   3.9000000E+00   3.4995224E+00  -7.1072010E+01  -2.4845751E+01
   3.9500000E+00   3.5495224E+00  -7.2257462E+01  -2.2562705E+01
   4.0000000E+00   3.5995224E+00  -7.3327432E+01  -2.0228743E+01
   4.0500000E+00   3.6495224E+00  -7.4279713E+01  -1.7857358E+01
   4.1000000E+00   3.6995224E+00  -7.5112765E+01  -1.5461790E+01
   4.1500000E+00   3.7495224E+00  -7.5825703E+01  -1.3054912E+01
   4.2000000E+00   3.7995224E+00  -7.6418275E+01  -1.0649139E+01
   4.2500000E+00   3.8495224E+00  -7.6890833E+01  -8.2563394E+00
   4.3000000E+00   3.8995224E+00  -7.7244312E+01  -5.8877627E+00
   4.3500000E+00   3.9495224E+00  -7.7480189E+01  -3.5539772E+00
   4.4000000E+00   3.9995224E+00  -7.7600453E+01  -1.2648208E+00
   4.4500000E+00   4.0495224E+00  -7.7607565E+01   9.7063904E-01
   4.5000000E+00   4.0995224E+00  -7.7504421E+01   3.1441325E+00
   4.5500000E+00   4.1495224E+00  -7.7294308E+01   5.2482057E+00
   4.6000000E+00   4.1995224E+00  -7.6980867E+01   7.2762290E+00
   4.6500000E+00   4.2495224E+00  -7.6568049E+01   9.2223964E+00
   4.7000000E+00   4.2995224E+00  -7.6060074E+01   1.1081717E+01
   4.7500000E+00   4.3495224E+00  -7.5461393E+01   1.2850000E+01
   4.8000000E+00   4.3995224E+00  -7.4776647E+01   1.4523830E+01
   4.8500000E+00   4.4495224E+00  -7.4010628E+01   1.6100544E+01
   4.9000000E+00   4.4995224E+00  -7.3168243E+01   1.7578193E+01
   4.9500000E+00   4.5495224E+00  -7.2254479E+01   1.8955509E+01
   5.0000000E+00   4.5995224E+00  -7.1274373E+01   2.0231868E+01
   5.0500000E+00   4.6495224E+00  -7.0232974E+01   2.1407242E+01
   5.1000000E+00   4.6995224E+00  -6.9135322E+01   2.2482158E+01
   5.1500000E+00   4.7495224E+00  -6.7986414E+01   2.3457656E+01
   5.2000000E+00   4.7995224E+00  -6.6791187E+01   2.4335238E+01
   5.2500000E+00   4.8495224E+00  -6.5554489E+01   2.5116826E+01
   5.3000000E+00   4.8995224E+00  -6.4281065E+01   2.5804716E+01
   5.3500000E+00   4.9495224E+00  -6.2975534E+01   2.6401536E+01
   5.4000000E+00   4.9995224E+00  -6.1642379E+01   2.6910197E+01
   5.4500000E+00   5.0495224E+00  -6.0285930E+01   2.7333858E+01
   5.5000000E+00   5.0995224E+00  -5.8910353E+01   2.7675883E+01
   5.5500000E+00   5.1495224E+00  -5.7519642E+01   2.7939804E+01
   5.6000000E+00   5.1995224E+00  -5.6117612E+01   2.8129285E+01
   5.6500000E+00   5.2495224E+00  -5.4707890E+01   2.8248087E+01
   5.7000000E+00   5.2995224E+00  -5.3293916E+01   2.8300040E+01
   5.7500000E+00   5.3495224E+00  -5.1878935E+01   2.8289012E+01
   5.8000000E+00   5.3995224E+00  -5.0465999E+01   2.8218885E+01
   5.8500000E+00   5.4495224E+00  -4.9057966E+01   2.8093526E+01
   5.9000000E+00   5.4995224E+00  -4.7657501E+01   2.7916771E+01
   5.9500000E+00   5.5495224E+00  -4.6267081E+01   2.7692402E+01
   6.0000000E+00   5.5995224E+00  -4.4888992E+01   2.7424132E+01
   6.0500000E+00   5.6495224E+00  -4.3525338E+01   2.7115589E+01
   6.1000000E+00   5.6995224E+00  -4.2178045E+01   2.6770301E+01
   6.1500000E+00   5.7495224E+00  -4.0848863E+01   2.6391690E+01
   6.2000000E+00   5.7995224E+00  -3.9539375E+01   2.5983055E+01
   6.2500000E+00   5.8495224E+00  -3.8251004E+01   2.5547574E+01
   6.3000000E+00   5.8995224E+00  -3.6985014E+01   2.5088288E+01
   6.3500000E+00   5.9495224E+00  -3.5742522E+01   2.4608106E+01
   6.4000000E+00   5.9995224E+00  -3.4524505E+01   2.4109793E+01
   6.4500000E+00   6.0495224E+00  -3.3331801E+01   2.3595974E+01
   6.5000000E+00   6.0995224E+00  -3.2165124E+01   2.3069132E+01
   6.5500000E+00   6.1495224E+00  -3.1025065E+01   2.2531604E+01
   6.6000000E+00   6.1995224E+00  -2.9912104E+01   2.1985589E+01
   6.6500000E+00   6.2495224E+00  -2.8826613E+01   2.1433143E+01
   6.7000000E+00   6.2995224E+00  -2.7768864E+01   2.0876186E+01
   6.7500000E+00   6.3495224E+00  -2.6739039E+01   2.0316502E+01
   6.8000000E+00   6.3995224E+00  -2.5737232E+01   1.9755744E+01
   6.8500000E+00   6.4495224E+00  -2.4763457E+01   1.9195439E+01
   6.9000000E+00   6.4995224E+00  -2.3817656E+01   1.8636988E+01
   6.9500000E+00   6.5495224E+00  -2.2899705E+01   1.8081678E+01
   7.0000000E+00   6.5995224E+00  -2.2009416E+01   1.7530679E+01
   7.0500000E+00   6.6495224E+00  -2.1146547E+01   1.6985052E+01
   7.1000000E+00   6.6995224E+00  -2.0310805E+01   1.6445758E+01
   7.1500000E+00   6.7495224E+00  -1.9501852E+01   1.5913655E+01
   7.2000000E+00   6.7995224E+00  -1.8719307E+01   1.5389510E+01
   7.2500000E+00   6.8495224E+00  -1.7962756E+01   1.4874002E+01
   7.3000000E+00   6.8995224E+00  -1.7231753E+01   1.4367727E+01
   7.3500000E+00   6.9495224E+00  -1.6525821E+01   1.3871201E+01
   7.4000000E+00   6.9995224E+00  -1.5844462E+01   1.3384868E+01
   7.4500000E+00   7.0495224E+00  -1.5187158E+01   1.2909105E+01
   7.5000000E+00   7.0995224E+00  -1.4553370E+01   1.2444224E+01
   7.5500000E+00   7.1495224E+00  -1.3942550E+01   1.1990477E+01
   7.6000000E+00   7.1995224E+00  -1.3354134E+01   1.1548062E+01
   7.6500000E+00   7.2495224E+00  -1.2787552E+01   1.1117127E+01
   7.7000000E+00   7.2995224E+00  -1.2242228E+01   1.0697774E+01
   7.7500000E+00   7.3495224E+00  -1.1717580E+01   1.0290061E+01
   7.8000000E+00   7.3995224E+00  -1.1213027E+01   9.8940065E+00
   7.8500000E+00   7.4495224E+00  -1.0727986E+01   9.5095951E+00
   7.9000000E+00   7.4995224E+00  -1.0261874E+01   9.1367783E+00
   7.9500000E+00   7.5495224E+00  -9.8141158E+00   8.7754788E+00
   8.0000000E+00   7.5995224E+00  -9.3841363E+00   8.4255929E+00
   8.0500000E+00   7.6495224E+00  -8.9713683E+00   8.0869937E+00
   8.1000000E+00   7.6995224E+00  -8.5752512E+00   7.7595334E+00
   8.1500000E+00   7.7495224E+00  -8.1952321E+00   7.4430459E+00
   8.2000000E+00   7.7995224E+00  -7.8307667E+00   7.1373490E+00
   8.2500000E+00   7.8495224E+00  -7.4813206E+00   6.8422463E+00
   8.3000000E+00   7.8995224E+00  -7.1463690E+00   6.5575298E+00
   8.3500000E+00   7.9495224E+00  -6.8253981E+00   6.2829809E+00
   8.4000000E+00   7.9995224E+00  -6.5179052E+00   6.0183725E+00
   8.4500000E+00   8.0495224E+00  -6.2233990E+00   5.7634706E+00
   8.5000000E+00   8.0995224E+00  -5.9414003E+00   5.5180356E+00
   8.5500000E+00   8.1495224E+00  -5.6714418E+00   5.2818235E+00
   8.6000000E+00   8.1995224E+00  -5.4130684E+00   5.0545874E+00
   8.6500000E+00   8.2495224E+00  -5.1658375E+00   4.8360782E+00
   8.7000000E+00   8.2995224E+00  -4.9293192E+00   4.6260459E+00
   8.7500000E+00   8.3495224E+00  -4.7030958E+00   4.4242401E+00
   8.8000000E+00   8.3995224E+00  -4.4867623E+00   4.2304114E+00
   8.8500000E+00   8.4495224E+00  -4.2799259E+00   4.0443114E+00
   8.9000000E+00   8.4995224E+00  -4.0822064E+00   3.8656941E+00
   8.9500000E+00   8.5495224E+00  -3.8932358E+00   3.6943157E+00
   9.0000000E+00   8.5995224E+00  -3.7126582E+00   3.5299359E+00
   9.0500000E+00   8.6495224E+00  -3.5401295E+00   3.3723174E+00
   9.1000000E+00   8.6995224E+00  -3.3753176E+00   3.2212274E+00
   9.1500000E+00   8.7495224E+00  -3.2179018E+00   3.0764368E+00
   9.2000000E+00   8.7995224E+00  -3.0675727E+00   2.9377214E+00
   9.2500000E+00   8.8495224E+00  -2.9240321E+00   2.8048617E+00
   9.3000000E+00   8.8995224E+00  -2.7869925E+00   2.6776430E+00
   9.3500000E+00   8.9495224E+00  -2.6561773E+00   2.5558560E+00
   9.4000000E+00   8.9995224E+00  -2.5313198E+00   2.4392963E+00
   9.4500000E+00   9.0495224E+00  -2.4121638E+00   2.3277653E+00
   9.5000000E+00   9.0995224E+00  -2.2984627E+00   2.2210695E+00
   9.5500000E+00   9.1495224E+00  -2.1899794E+00   2.1190210E+00
   9.6000000E+00   9.1995224E+00  -2.0864862E+00   2.0214374E+00
   9.6500000E+00   9.2495224E+00  -1.9877642E+00   1.9281416E+00
   9.7000000E+00   9.2995224E+00  -1.8936034E+00   1.8389624E+00
   9.7500000E+00   9.3495224E+00  -1.8038022E+00   1.7537335E+00
   9.8000000E+00   9.3995224E+00  -1.7181669E+00   1.6722945E+00
   9.8500000E+00   9.4495224E+00  -1.6365121E+00   1.5944901E+00
   9.9000000E+00   9.4995224E+00  -1.5586598E+00   1.5201701E+00
   9.9500000E+00   9.5495224E+00  -1.4844395E+00   1.4491898E+00
   1.0000000E+01   9.5995224E+00  -1.4136875E+00   1.3814094E+00
   0.0000000E+00  -9.4310679E-02   0.0000000E+00   1.0000000E+00
   5.0000000E-02  -4.4310679E-02   4.6146247E-02   8.4598855E-01
   1.0000000E-01   5.6893205E-03   8.4974192E-02   7.1344702E-01
   1.5000000E-01   5.5689321E-02   1.1827805E-01   6.2757130E-01
   2.0000000E-01   1.0568932E-01   1.4865465E-01   5.9693982E-01
   2.5000000E-01   1.5568932E-01   1.7890195E-01   6.2220156E-01
   3.0000000E-01   2.0568932E-01   2.1177492E-01   7.0169398E-01
   3.5000000E-01   2.5568932E-01   2.4995631E-01   8.3455379E-01
   4.0000000E-01   3.0568932E-01   2.9613852E-01   1.0221819E+00
   4.5000000E-01   3.5568932E-01   3.5315296E-01   1.2687813E+00
   5.0000000E-01   4.0568932E-01   4.2411359E-01   1.5814466E+00
   5.5000000E-01   4.5568932E-01   5.1255975E-01   1.9700784E+00
   6.0000000E-01   5.0568932E-01   6.2259334E-01   2.4472559E+00
   6.5000000E-01   5.5568932E-01   7.5900967E-01   3.0281179E+00
   7.0000000E-01   6.0568932E-01   9.2742283E-01   3.7302603E+00
   7.5000000E-01   6.5568932E-01   1.1343861E+00   4.5736364E+00
   8.0000000E-01   7.0568932E-01   1.3875070E+00   5.5804406E+00
   8.5000000E-01   7.5568932E-01   1.6955558E+00   6.7749541E+00
   9.0000000E-01   8.0568932E-01   2.0685647E+00   8.1833372E+00
   9.5000000E-01   8.5568932E-01   2.5179152E+00   9.8333500E+00
   1.0000000E+00   9.0568932E-01   3.0564096E+00   1.1753996E+01
   1.0500000E+00   9.5568932E-01   3.6983227E+00   1.3975080E+01
   1.1000000E+00   1.0056893E+00   4.4594282E+00   1.6526678E+01
   1.1500000E+00   1.0556893E+00   5.3569984E+00   1.9438531E+01
   1.2000000E+00   1.1056893E+00   6.4097698E+00   2.2739356E+01
   1.2500000E+00   1.1556893E+00   7.6378738E+00   2.6456104E+01
   1.3000000E+00   1.2056893E+00   9.0627288E+00   3.0613160E+01
   1.3500000E+00   1.2556893E+00   1.0706891E+01   3.5231527E+01
   1.4000000E+00   1.3056893E+00   1.2593865E+01   4.0327993E+01
   1.4500000E+00   1.3556893E+00   1.4747873E+01   4.5914330E+01
   1.5000000E+00   1.4056893E+00   1.7193584E+01   5.1996517E+01
   1.5500000E+00   1.4556893E+00   1.9955805E+01   5.8574052E+01
   1.6000000E+00   1.5056893E+00   2.3059145E+01   6.5639337E+01
   1.6500000E+00   1.5556893E+00   2.6527645E+01   7.3177188E+01
   1.7000000E+00   1.6056893E+00   3.0384387E+01   8.1164477E+01
   1.7500000E+00   1.6556893E+00   3.4651097E+01   8.9569922E+01
   1.8000000E+00   1.7056893E+00   3.9347729E+01   9.8354041E+01
   1.8500000E+00   1.7556893E+00   4.4492060E+01   1.0746928E+02
   1.9000000E+00   1.8056893E+00   5.0099295E+01   1.1686030E+02
   1.9500000E+00   1.8556893E+00   5.6181686E+01   1.2646445E+02
   2.0000000E+00   1.9056893E+00   6.2748182E+01   1.3621242E+02
   2.0500000E+00   1.9556893E+00   6.9804117E+01   1.4602899E+02
   2.1000000E+00   2.0056893E+00   7.7350935E+01   1.5583397E+02
   2.1500000E+00   2.0556893E+00   8.5385967E+01   1.6554325E+02
   2.2000000E+00   2.1056893E+00   9.3902263E+01   1.7506990E+02
   2.2500000E+00   2.1556893E+00   1.0288849E+02   1.8432543E+02
   2.3000000E+00   2.2056893E+00   1.1232885E+02   1.9322097E+02
   2.3500000E+00   2.2556893E+00   1.2220316E+02   2.0166858E+02
   2.4000000E+00   2.3056893E+00   1.3248686E+02   2.0958252E+02
   2.4500000E+00   2.3556893E+00   1.4315119E+02   2.1688040E+02
   2.5000000E+00   2.4056893E+00   1.5416338E+02   2.2348441E+02
   2.5500000E+00   2.4556893E+00   1.6548690E+02   2.2932237E+02
   2.6000000E+00   2.5056893E+00   1.7708179E+02   2.3432870E+02
   2.6500000E+00   2.5556893E+00   1.8890498E+02   2.3844528E+02
   2.7000000E+00   2.6056893E+00   2.0091070E+02   2.4162220E+02
   2.7500000E+00   2.6556893E+00   2.1305089E+02   2.4381831E+02
   2.8000000E+00   2.7056893E+00   2.2527568E+02   2.4500169E+02
   2.8500000E+00   2.7556893E+00   2.3753383E+02   2.4514991E+02
   2.9000000E+00   2.8056893E+00   2.4977323E+02   2.4425019E+02
   2.9500000E+00   2.8556893E+00   2.6194136E+02   2.4229939E+02
   3.0000000E+00   2.9056893E+00   2.7398578E+02   2.3930386E+02
   3.0500000E+00   2.9556893E+00   2.8585461E+02   2.3527915E+02
   3.1000000E+00   3.0056893E+00   2.9749697E+02   2.3024966E+02
   3.1500000E+00   3.0556893E+00   3.0886339E+02   2.2424807E+02
   3.2000000E+00   3.1056893E+00   3.1990626E+02   2.1731481E+02
   3.2500000E+00   3.1556893E+00   3.3058015E+02   2.0949733E+02
   3.3000000E+00   3.2056893E+00   3.4084217E+02   2.0084941E+02
   3.3500000E+00   3.2556893E+00   3.5065225E+02   1.9143035E+02
   3.4000000E+00   3.3056893E+00   3.5997342E+02   1.8130413E+02
   3.4500000E+00   3.3556893E+00   3.6877202E+02   1.7053863E+02
   3.5000000E+00   3.4056893E+00   3.7701782E+02   1.5920474E+02
   3.5500000E+00   3.4556893E+00   3.8468424E+02   1.4737555E+02
   3.6000000E+00   3.5056893E+00   3.9174837E+02   1.3512552E+02
   3.6500000E+00   3.5556893E+00   3.9819103E+02   1.2252972E+02
   3.7000000E+00   3.6056893E+00   4.0399683E+02   1.0966308E+02
   3.7500000E+00   3.6556893E+00   4.0915406E+02   9.6599685E+01
   3.8000000E+00   3.7056893E+00   4.1365473E+02   8.3412122E+01
   3.8500000E+00   3.7556893E+00   4.1749438E+02   7.0170925E+01
   3.9000000E+00   3.8056893E+00   4.2067206E+02   5.6944028E+01
   3.9500000E+00   3.8556893E+00   4.2319010E+02   4.3796309E+01
   4.0000000E+00   3.9056893E+00   4.2505403E+02   3.0789199E+01
   4.0500000E+00   3.9556893E+00   4.2627232E+02   1.7980344E+01
   4.1000000E+00   4.0056893E+00   4.2685626E+02   5.4233419E+00
   4.1500000E+00   4.0556893E+00   4.2681967E+02  -6.8324684E+00
   4.2000000E+00   4.1056893E+00   4.2617878E+02  -1.8742151E+01
   4.2500000E+00   4.1556893E+00   4.2495190E+02  -3.0265264E+01
   4.3000000E+00   4.2056893E+00   4.2315929E+02  -4.1365906E+01
   4.3500000E+00   4.2556893E+00   4.2082287E+02  -5.2012697E+01
   4.4000000E+00   4.3056893E+00   4.1796602E+02  -6.2178735E+01
   4.4500000E+00   4.3556893E+00   4.1461337E+02  -7.1841500E+01
   4.5000000E+00   4.4056893E+00   4.1079056E+02  -8.0982733E+01
   4.5500000E+00   4.4556893E+00   4.0652402E+02  -8.9588271E+01
   4.6000000E+00   4.5056893E+00   4.0184082E+02  -9.7647876E+01
   4.6500000E+00   4.5556893E+00   3.9676844E+02  -1.0515502E+02
   4.7000000E+00   4.6056893E+00   3.9133457E+02  -1.1210669E+02
   4.7500000E+00   4.6556893E+00   3.8556701E+02  -1.1850312E+02
   4.8000000E+00   4.7056893E+00   3.7949345E+02  -1.2434757E+02
   4.8500000E+00   4.7556893E+00   3.7314135E+02  -1.2964608E+02
   4.9000000E+00   4.8056893E+00   3.6653779E+02  -1.3440722E+02
   4.9500000E+00   4.8556893E+00   3.5970940E+02  -1.3864183E+02
   5.0000000E+00   4.9056893E+00   3.5268217E+02  -1.4236277E+02
   5.0500000E+00   4.9556893E+00   3.4548143E+02  -1.4558469E+02
   5.1000000E+00   5.0056893E+00   3.3813174E+02  -1.4832380E+02
   5.1500000E+00   5.0556893E+00   3.3065680E+02  -1.5059763E+02
   5.2000000E+00   5.1056893E+00   3.2307941E+02  -1.5242478E+02
   5.2500000E+00   5.1556893E+00   3.1542143E+02  -1.5382480E+02
   5.3000000E+00   5.2056893E+00   3.0770371E+02  -1.5481791E+02
   5.3500000E+00   5.2556893E+00   2.9994607E+02  -1.5542485E+02
   5.4000000E+00   5.3056893E+00   2.9216730E+02  -1.5566672E+02
   5.4500000E+00   5.3556893E+00   2.8438512E+02  -1.5556482E+02
   5.5000000E+00   5.4056893E+00   2.7661618E+02  -1.5514049E+02
   5.5500000E+00   5.4556893E+00   2.6887608E+02  -1.5441499E+02
   5.6000000E+00   5.5056893E+00   2.6117935E+02  -1.5340938E+02
   5.6500000E+00   5.5556893E+00   2.5353946E+02  -1.5214443E+02
   5.7000000E+00   5.6056893E+00   2.4596888E+02  -1.5064051E+02
   5.7500000E+00   5.6556893E+00   2.3847906E+02  -1.4891749E+02
   5.8000000E+00   5.7056893E+00   2.3108046E+02  -1.4699473E+02
   5.8500000E+00   5.7556893E+00   2.2378260E+02  -1.4489095E+02
   5.9000000E+00   5.8056893E+00   2.1659407E+02  -1.4262424E+02
   5.9500000E+00   5.8556893E+00   2.0952260E+02  -1.4021197E+02
   6.0000000E+00   5.9056893E+00   2.0257502E+02  -1.3767078E+02
   6.0500000E+00   5.9556893E+00   1.9575740E+02  -1.3501657E+02
   6.1000000E+00   6.0056893E+00   1.8907499E+02  -1.3226447E+02
   6.1500000E+00   6.0556893E+00   1.8253234E+02  -1.2942880E+02
   6.2000000E+00   6.1056893E+00   1.7613327E+02  -1.2652314E+02
   6.2500000E+00   6.1556893E+00   1.6988098E+02  -1.2356023E+02
   6.3000000E+00   6.2056893E+00   1.6377800E+02  -1.2055208E+02
   6.3500000E+00   6.2556893E+00   1.5782633E+02  -1.1750990E+02
   6.4000000E+00   6.3056893E+00   1.5202740E+02  -1.1444416E+02
   6.4500000E+00   6.3556893E+00   1.4638214E+02  -1.1136458E+02
   6.5000000E+00   6.4056893E+00   1.4089102E+02  -1.0828016E+02
   6.5500000E+00   6.4556893E+00   1.3555407E+02  -1.0519923E+02
   6.6000000E+00   6.5056893E+00   1.3037091E+02  -1.0212940E+02
   6.6500000E+00   6.5556893E+00   1.2534082E+02  -9.9077669E+01
   6.7000000E+00   6.6056893E+00   1.2046274E+02  -9.6050403E+01
   6.7500000E+00   6.6556893E+00   1.1573528E+02  -9.3053370E+01
   6.8000000E+00   6.7056893E+00   1.1115681E+02  -9.0091774E+01
   6.8500000E+00   6.7556893E+00   1.0672543E+02  -8.7170281E+01
   6.9000000E+00   6.8056893E+00   1.0243904E+02  -8.4293047E+01
   6.9500000E+00   6.8556893E+00   9.8295325E+01  -8.1463746E+01
   7.0000000E+00   6.9056893E+00   9.4291810E+01  -7.8685597E+01
   7.0500000E+00   6.9556893E+00   9.0425865E+01  -7.5961396E+01
   7.1000000E+00   7.0056893E+00   8.6694730E+01  -7.3293535E+01
   7.1500000E+00   7.0556893E+00   8.3095538E+01  -7.0684039E+01
   7.2000000E+00   7.1056893E+00   7.9625325E+01  -6.8134581E+01
   7.2500000E+00   7.1556893E+00   7.6281055E+01  -6.5646516E+01
   7.3000000E+00   7.2056893E+00   7.3059632E+01  -6.3220896E+01
   7.3500000E+00   7.2556893E+00   6.9957911E+01  -6.0858501E+01
   7.4000000E+00   7.3056893E+00   6.6972718E+01  -5.8559858E+01
   7.4500000E+00   7.3556893E+00   6.4100857E+01  -5.6325260E+01
   7.5000000E+00   7.4056893E+00   6.1339123E+01  -5.4154788E+01
   7.5500000E+00   7.4556893E+00   5.8684311E+01  -5.2048331E+01
   7.6000000E+00   7.5056893E+00   5.6133227E+01  -5.0005603E+01
   7.6500000E+00   7.5556893E+00   5.3682696E+01  -4.8026160E+01
   7.7000000E+00   7.6056893E+00   5.1329566E+01  -4.6109414E+01
   7.7500000E+00   7.6556893E+00   4.9070721E+01  -4.4254653E+01
   7.8000000E+00   7.7056893E+00   4.6903081E+01  -4.2461050E+01
   7.8500000E+00   7.7556893E+00   4.4823612E+01  -4.0727681E+01
   7.9000000E+00   7.8056893E+00   4.2829326E+01  -3.9053534E+01
   7.9500000E+00   7.8556893E+00   4.0917289E+01  -3.7437519E+01
   8.0000000E+00   7.9056893E+00   3.9084624E+01  -3.5878484E+01
   8.0500000E+00   7.9556893E+00   3.7328511E+01  -3.4375222E+01
   8.1000000E+00   8.0056893E+00   3.5646193E+01  -3.2926477E+01
   8.1500000E+00   8.0556893E+00   3.4034976E+01  -3.1530960E+01
   8.2000000E+00   8.1056893E+00   3.2492232E+01  -3.0187347E+01
   8.2500000E+00   8.1556893E+00   3.1015399E+01  -2.8894297E+01
   8.3000000E+00   8.2056893E+00   2.9601982E+01  -2.7650447E+01
   8.3500000E+00   8.2556893E+00   2.8249557E+01  -2.6454427E+01
   8.4000000E+00   8.3056893E+00   2.6955765E+01  -2.5304862E+01
   8.4500000E+00   8.3556893E+00   2.5718319E+01  -2.4200375E+01
   8.5000000E+00   8.4056893E+00   2.4534999E+01  -2.3139595E+01
   8.5500000E+00   8.4556893E+00   2.3403654E+01  -2.2121157E+01
   8.6000000E+00   8.5056893E+00   2.2322200E+01  -2.1143709E+01
   8.6500000E+00   8.5556893E+00   2.1288622E+01  -2.0205912E+01
   8.7000000E+00   8.6056893E+00   2.0300970E+01  -1.9306447E+01
   8.7500000E+00   8.6556893E+00   1.9357360E+01  -1.8444011E+01
   8.8000000E+00   8.7056893E+00   1.8455973E+01  -1.7617327E+01
   8.8500000E+00   8.7556893E+00   1.7595053E+01  -1.6825137E+01
   8.9000000E+00   8.8056893E+00   1.6772905E+01  -1.6066212E+01
   8.9500000E+00   8.8556893E+00   1.5987897E+01  -1.5339346E+01
   9.0000000E+00   8.9056893E+00   1.5238456E+01  -1.4643364E+01
   9.0500000E+00   8.9556893E+00   1.4523065E+01  -1.3977117E+01
   9.1000000E+00   9.0056893E+00   1.3840267E+01  -1.3339486E+01
   9.1500000E+00   9.0556893E+00   1.3188658E+01  -1.2729380E+01
   9.2000000E+00   9.1056893E+00   1.2566888E+01  -1.2145740E+01
   9.2500000E+00   9.1556893E+00   1.1973660E+01  -1.1587535E+01
   9.3000000E+00   9.2056893E+00   1.1407727E+01  -1.1053766E+01
   9.3500000E+00   9.2556893E+00   1.0867892E+01  -1.0543464E+01
   9.4000000E+00   9.3056893E+00   1.0353005E+01  -1.0055688E+01
   9.4500000E+00   9.3556893E+00   9.8619632E+00  -9.5895308E+00
   9.5000000E+00   9.4056893E+00   9.3937068E+00  -9.1441111E+00
   9.5500000E+00   9.4556893E+00   8.9472207E+00  -8.7185787E+00
   9.6000000E+00   9.5056893E+00   8.5215312E+00  -8.3121120E+00
   9.6500000E+00   9.5556893E+00   8.1157050E+00  -7.9239178E+00
   9.7000000E+00   9.6056893E+00   7.7288477E+00  -7.5532306E+00
   9.7500000E+00   9.6556893E+00   7.3601025E+00  -7.1993127E+00
   9.8000000E+00   9.7056893E+00   7.0086488E+00  -6.8614528E+00
   9.8500000E+00   9.7556893E+00   6.6737010E+00  -6.5389660E+00
   9.9000000E+00   9.8056893E+00   6.3545070E+00  -6.2311929E+00
   9.9500000E+00   9.8556893E+00   6.0503471E+00  -5.9374992E+00
   1.0000000E+01   9.9056893E+00   5.7605326E+00  -5.6572745E+00
   0.0000000E+00   0.0000000E+00   0.0000000E+00   1.0000000E+00
   5.0000000E-02   5.0000000E-02   4.6465259E-02   8.6408723E-01
   1.0000000E-01   1.0000000E-01   8.7129805E-02   7.7093424E-01
   1.5000000E-01   1.5000000E-01   1.2445772E-01   7.3160005E-01
   2.0000000E-01   2.0000000E-01   1.6123167E-01   7.4889093E-01
   2.5000000E-01   2.5000000E-01   2.0028560E-01   8.2274199E-01
   3.0000000E-01   3.0000000E-01   2.4444659E-01   9.5331417E-01
   3.5000000E-01   3.5000000E-01   2.9659013E-01   1.1425561E+00
   4.0000000E-01   4.0000000E-01   3.5974881E-01   1.3948649E+00
   4.5000000E-01   4.5000000E-01   4.3724078E-01   1.7172772E+00
   5.0000000E-01   5.0000000E-01   5.3280184E-01   2.1194475E+00
   5.5000000E-01   5.5000000E-01   6.5071392E-01   2.6135468E+00
   6.0000000E-01   6.0000000E-01   7.9592786E-01   3.2141393E+00
   6.5000000E-01   6.5000000E-01   9.7417985E-01   3.9380517E+00
   7.0000000E-01   7.0000000E-01   1.1921011E+00   4.8042324E+00
   7.5000000E-01   7.5000000E-01   1.4573200E+00   5.8335854E+00
   8.0000000E-01   8.0000000E-01   1.7785546E+00   7.0487653E+00
   8.5000000E-01   8.5000000E-01   2.1656945E+00   8.4739183E+00
   9.0000000E-01   9.0000000E-01   2.6298673E+00   1.0134361E+01
   9.5000000E-01   9.5000000E-01   3.1834875E+00   1.2056190E+01
   1.0000000E+00   1.0000000E+00   3.8402846E+00   1.4265816E+01
   1.0500000E+00   1.0500000E+00   4.6153053E+00   1.6789430E+01
   1.1000000E+00   1.1000000E+00   5.5248883E+00   1.9652406E+01
   1.1500000E+00   1.1500000E+00   6.5866069E+00   2.2878644E+01
   1.2000000E+00   1.2000000E+00   7.8191780E+00   2.6489876E+01
   1.2500000E+00   1.2500000E+00   9.2423360E+00   3.0504943E+01
   1.3000000E+00   1.3000000E+00   1.0876670E+01   3.4939066E+01
   1.3500000E+00   1.3500000E+00   1.2743424E+01   3.9803130E+01
   1.4000000E+00   1.4000000E+00   1.4864265E+01   4.5103007E+01
   1.4500000E+00   1.4500000E+00   1.7261013E+01   5.0838928E+01
   1.5000000E+00   1.5000000E+00   1.9955349E+01   5.7004943E+01
   1.5500000E+00   1.5500000E+00   2.2968492E+01   6.3588475E+01
   1.6000000E+00   1.6000000E+00   2.6320859E+01   7.0569987E+01
   1.6500000E+00   1.6500000E+00   3.0031710E+01   7.7922786E+01
   1.7000000E+00   1.7000000E+00   3.4118793E+01   8.5612962E+01
   1.7500000E+00   1.7500000E+00   3.8597980E+01   9.3599486E+01
   1.8000000E+00   1.8000000E+00   4.3482919E+01   1.0183445E+02
   1.8500000E+00   1.8500000E+00   4.8784698E+01   1.1026345E+02
   1.9000000E+00   1.9000000E+00   5.4511532E+01   1.1882616E+02
   1.9500000E+00   1.9500000E+00   6.0668489E+01   1.2745697E+02
   2.0000000E+00   2.0000000E+00   6.7257237E+01   1.3608580E+02
   2.0500000E+00   2.0500000E+00   7.4275851E+01   1.4463902E+02
   2.1000000E+00   2.1000000E+00   8.1718651E+01   1.5304041E+02
   2.1500000E+00   2.1500000E+00   8.9576107E+01   1.6121221E+02
   2.2000000E+00   2.2000000E+00   9.7834784E+01   1.6907627E+02
   2.2500000E+00   2.2500000E+00   1.0647735E+02   1.7655507E+02
   2.3000000E+00   2.3000000E+00   1.1548265E+02   1.8357293E+02
   2.3500000E+00   2.3500000E+00   1.2482579E+02   1.9005699E+02
   2.4000000E+00   2.4000000E+00   1.3447834E+02   1.9593831E+02
   2.4500000E+00   2.4500000E+00   1.4440854E+02   2.0115280E+02
   2.5000000E+00   2.5000000E+00   1.5458157E+02   2.0564207E+02
   2.5500000E+00   2.5500000E+00   1.6495983E+02   2.0935422E+02
   2.6000000E+00   2.6000000E+00   1.7550332E+02   2.1224451E+02
   2.6500000E+00   2.6500000E+00   1.8616999E+02   2.1427584E+02
   2.7000000E+00   2.7000000E+00   1.9691613E+02   2.1541919E+02
   2.7500000E+00   2.7500000E+00   2.0769679E+02   2.1565388E+02
   2.8000000E+00   2.8000000E+00   2.1846620E+02   2.1496771E+02
   2.8500000E+00   2.8500000E+00   2.2917818E+02   2.1335694E+02
   2.9000000E+00   2.9000000E+00   2.3978658E+02   2.1082623E+02
   2.9500000E+00   2.9500000E+00   2.5024570E+02   2.0738835E+02
   3.0000000E+00   3.0000000E+00   2.6051065E+02   2.0306388E+02
   3.0500000E+00   3.0500000E+00   2.7053779E+02   1.9788078E+02
   3.1000000E+00   3.1000000E+00   2.8028502E+02   1.9187386E+02
   3.1500000E+00   3.1500000E+00   2.8971214E+02   1.8508418E+02
   3.2000000E+00   3.2000000E+00   2.9878118E+02   1.7755844E+02
   3.2500000E+00   3.2500000E+00   3.0745659E+02   1.6934828E+02
   3.3000000E+00   3.3000000E+00   3.1570554E+02   1.6050956E+02
   3.3500000E+00   3.3500000E+00   3.2349806E+02   1.5110161E+02
   3.4000000E+00   3.4000000E+00   3.3080725E+02   1.4118652E+02
   3.4500000E+00   3.4500000E+00   3.3760934E+02   1.3082840E+02
   3.5000000E+00   3.5000000E+00   3.4388380E+02   1.2009264E+02
   3.5500000E+00   3.5500000E+00   3.4961341E+02   1.0904525E+02
   3.6000000E+00   3.6000000E+00   3.5478423E+02   9.7752157E+01
   3.6500000E+00   3.6500000E+00   3.5938562E+02   8.6278646E+01
   3.7000000E+00   3.7000000E+00   3.6341016E+02   7.4688744E+01
   3.7500000E+00   3.7500000E+00   3.6685359E+02   6.3044716E+01
   3.8000000E+00   3.8000000E+00   3.6971473E+02   5.1406595E+01
   3.8500000E+00   3.8500000E+00   3.7199531E+02   3.9831769E+01
   3.9000000E+00   3.9000000E+00   3.7369987E+02   2.8374631E+01
   3.9500000E+00   3.9500000E+00   3.7483558E+02   1.7086276E+01
   4.0000000E+00   4.0000000E+00   3.7541210E+02   6.0142591E+00
   4.0500000E+00   4.0500000E+00   3.7544134E+02  -4.7975875E+00
   4.1000000E+00   4.1000000E+00   3.7493734E+02  -1.5309295E+01
   4.1500000E+00   4.1500000E+00   3.7391601E+02  -2.5484841E+01
   4.2000000E+00   4.2000000E+00   3.7239498E+02  -3.5292193E+01
   4.2500000E+00   4.2500000E+00   3.7039339E+02  -4.4703300E+01
   4.3000000E+00   4.3000000E+00   3.6793166E+02  -5.3694055E+01
   4.3500000E+00   4.3500000E+00   3.6503132E+02  -6.2244218E+01
   4.4000000E+00   4.4000000E+00   3.6171485E+02  -7.0337307E+01
   4.4500000E+00   4.4500000E+00   3.5800542E+02  -7.7960466E+01
   4.5000000E+00   4.5000000E+00   3.5392678E+02  -8.5104303E+01
   4.5500000E+00   4.5500000E+00   3.4950307E+02  -9.1762720E+01
   4.6000000E+00   4.6000000E+00   3.4475865E+02  -9.7932716E+01
   4.6500000E+00   4.6500000E+00   3.3971794E+02  -1.0361419E+02
   4.7000000E+00   4.7000000E+00   3.3440532E+02  -1.0880971E+02
   4.7500000E+00   4.7500000E+00   3.2884497E+02  -1.1352433E+02
   4.8000000E+00   4.8000000E+00   3.2306077E+02  -1.1776534E+02
   4.8500000E+00   4.8500000E+00   3.1707617E+02  -1.2154206E+02
   4.9000000E+00   4.9000000E+00   3.1091411E+02  -1.2486561E+02
   4.9500000E+00   4.9500000E+00   3.0459695E+02  -1.2774871E+02
   5.0000000E+00   5.0000000E+00   2.9814634E+02  -1.3020547E+02
   5.0500000E+00   5.0500000E+00   2.9158324E+02  -1.3225117E+02
   5.1000000E+00   5.1000000E+00   2.8492780E+02  -1.3390211E+02
   5.1500000E+00   5.1500000E+00   2.7819932E+02  -1.3517536E+02
   5.2000000E+00   5.2000000E+00   2.7141626E+02  -1.3608866E+02
   5.2500000E+00   5.2500000E+00   2.6459615E+02  -1.3666021E+02
   5.3000000E+00   5.3000000E+00   2.5775562E+02  -1.3690855E+02
   5.3500000E+00   5.3500000E+00   2.5091036E+02  -1.3685238E+02
   5.4000000E+00   5.4000000E+00   2.4407513E+02  -1.3651048E+02
   5.4500000E+00   5.4500000E+00   2.3726376E+02  -1.3590157E+02
   5.5000000E+00   5.5000000E+00   2.3048911E+02  -1.3504419E+02
   5.5500000E+00   5.5500000E+00   2.2376317E+02  -1.3395664E+02
   5.6000000E+00   5.6000000E+00   2.1709698E+02  -1.3265689E+02
   5.6500000E+00   5.6500000E+00   2.1050072E+02  -1.3116246E+02
   5.7000000E+00   5.7000000E+00   2.0398369E+02  -1.2949044E+02
   5.7500000E+00   5.7500000E+00   1.9755436E+02  -1.2765736E+02
   5.8000000E+00   5.8000000E+00   1.9122037E+02  -1.2567919E+02
   5.8500000E+00   5.8500000E+00   1.8498860E+02  -1.2357129E+02
   5.9000000E+00   5.9000000E+00   1.7886515E+02  -1.2134836E+02
   5.9500000E+00   5.9500000E+00   1.7285544E+02  -1.1902447E+02
   6.0000000E+00   6.0000000E+00   1.6696416E+02  -1.1661300E+02
   6.0500000E+00   6.0500000E+00   1.6119538E+02  -1.1412663E+02
   6.1000000E+00   6.1000000E+00   1.5555254E+02  -1.1157737E+02
   6.1500000E+00   6.1500000E+00   1.5003850E+02  -1.0897652E+02
   6.2000000E+00   6.2000000E+00   1.4465557E+02  -1.0633471E+02
   6.2500000E+00   6.2500000E+00   1.3940555E+02  -1.0366188E+02
   6.3000000E+00   6.3000000E+00   1.3428974E+02  -1.0096731E+02
   6.3500000E+00   6.3500000E+00   1.2930903E+02  -9.8259633E+01
   6.4000000E+00   6.4000000E+00   1.2446386E+02  -9.5546830E+01
   6.4500000E+00   6.4500000E+00   1.1975431E+02  -9.2836284E+01
   6.5000000E+00   6.5000000E+00   1.1518008E+02  -9.0134775E+01
   6.5500000E+00   6.5500000E+00   1.1074057E+02  -8.7448514E+01
   6.6000000E+00   6.6000000E+00   1.0643488E+02  -8.4783158E+01
   6.6500000E+00   6.6500000E+00   1.0226182E+02  -8.2143842E+01
   6.7000000E+00   6.7000000E+00   9.8219983E+01  -7.9535199E+01
   6.7500000E+00   6.7500000E+00   9.4307721E+01  -7.6961385E+01
   6.8000000E+00   6.8000000E+00   9.0523201E+01  -7.4426105E+01
   6.8500000E+00   6.8500000E+00   8.6864412E+01  -7.1932637E+01
   6.9000000E+00   6.9000000E+00   8.3329191E+01  -6.9483857E+01
   6.9500000E+00   6.9500000E+00   7.9915239E+01  -6.7082265E+01
   7.0000000E+00   7.0000000E+00   7.6620142E+01  -6.4730006E+01
   7.0500000E+00   7.0500000E+00   7.3441385E+01  -6.2428894E+01
   7.1000000E+00   7.1000000E+00   7.0376374E+01  -6.0180437E+01
   7.1500000E+00   7.1500000E+00   6.7422443E+01  -5.7985855E+01
   7.2000000E+00   7.2000000E+00   6.4576874E+01  -5.5846105E+01
   7.2500000E+00   7.2500000E+00   6.1836906E+01  -5.3761898E+01
   7.3000000E+00   7.3000000E+00   5.9199749E+01  -5.1733722E+01
   7.3500000E+00   7.3500000E+00   5.6662595E+01  -4.9761858E+01
   7.4000000E+00   7.4000000E+00   5.4222623E+01  -4.7846396E+01
   7.4500000E+00   7.4500000E+00   5.1877016E+01  -4.5987259E+01
   7.5000000E+00   7.5000000E+00   4.9622962E+01  -4.4184210E+01
   7.5500000E+00   7.5500000E+00   4.7457666E+01  -4.2436875E+01
   7.6000000E+00   7.6000000E+00   4.5378354E+01  -4.0744750E+01
   7.6500000E+00   7.6500000E+00   4.3382281E+01  -3.9107220E+01
   7.7000000E+00   7.7000000E+00   4.1466734E+01  -3.7523570E+01
   7.7500000E+00   7.7500000E+00   3.9629039E+01  -3.5992995E+01
   7.8000000E+00   7.8000000E+00   3.7866564E+01  -3.4514613E+01
   7.8500000E+00   7.8500000E+00   3.6176723E+01  -3.3087475E+01
   7.9000000E+00   7.9000000E+00   3.4556979E+01  -3.1710571E+01
   7.9500000E+00   7.9500000E+00   3.3004846E+01  -3.0382845E+01
   8.0000000E+00   8.0000000E+00   3.1517893E+01  -2.9103197E+01
   8.0500000E+00   8.0500000E+00   3.0093744E+01  -2.7870497E+01
   8.1000000E+00   8.1000000E+00   2.8730080E+01  -2.6683583E+01
   8.1500000E+00   8.1500000E+00   2.7424642E+01  -2.5541276E+01
   8.2000000E+00   8.2000000E+00   2.6175229E+01  -2.4442380E+01
   8.2500000E+00   8.2500000E+00   2.4979701E+01  -2.3385692E+01
   8.3000000E+00   8.3000000E+00   2.3835977E+01  -2.2370000E+01
   8.3500000E+00   8.3500000E+00   2.2742038E+01  -2.1394094E+01
   8.4000000E+00   8.4000000E+00   2.1695924E+01  -2.0456768E+01
   8.4500000E+00   8.4500000E+00   2.0695738E+01  -1.9556820E+01
   8.5000000E+00   8.5000000E+00   1.9739639E+01  -1.8693060E+01
   8.5500000E+00   8.5500000E+00   1.8825848E+01  -1.7864308E+01
   8.6000000E+00   8.6000000E+00   1.7952644E+01  -1.7069402E+01
   8.6500000E+00   8.6500000E+00   1.7118363E+01  -1.6307196E+01
   8.7000000E+00   8.7000000E+00   1.6321398E+01  -1.5576561E+01
   8.7500000E+00   8.7500000E+00   1.5560199E+01  -1.4876390E+01
   8.8000000E+00   8.8000000E+00   1.4833270E+01  -1.4205600E+01
   8.8500000E+00   8.8500000E+00   1.4139167E+01  -1.3563127E+01
   8.9000000E+00   8.9000000E+00   1.3476502E+01  -1.2947935E+01
   8.9500000E+00   8.9500000E+00   1.2843936E+01  -1.2359010E+01
   9.0000000E+00   9.0000000E+00   1.2240180E+01  -1.1795364E+01
   9.0500000E+00   9.0500000E+00   1.1663994E+01  -1.1256036E+01
   9.1000000E+00   9.1000000E+00   1.1114187E+01  -1.0740090E+01
   9.1500000E+00   9.1500000E+00   1.0589611E+01  -1.0246619E+01
   9.2000000E+00   9.2000000E+00   1.0089165E+01  -9.7747386E+00
   9.2500000E+00   9.2500000E+00   9.6117915E+00  -9.3235942E+00
   9.3000000E+00   9.3000000E+00   9.1564740E+00  -8.8923562E+00
   9.3500000E+00   9.3500000E+00   8.7222375E+00  -8.4802218E+00
   9.4000000E+00   9.4000000E+00   8.3081464E+00  -8.0864143E+00
   9.4500000E+00   9.4500000E+00   7.9133032E+00  -7.7101825E+00
   9.5000000E+00   9.5000000E+00   7.5368473E+00  -7.3508009E+00
   9.5500000E+00   9.5500000E+00   7.1779539E+00  -7.0075691E+00
   9.6000000E+00   9.6000000E+00   6.8358325E+00  -6.6798111E+00
   9.6500000E+00   9.6500000E+00   6.5097258E+00  -6.3668751E+00
   9.7000000E+00   9.7000000E+00   6.1989085E+00  -6.0681331E+00
   9.7500000E+00   9.7500000E+00   5.9026861E+00  -5.7829799E+00
   9.8000000E+00   9.8000000E+00   5.6203937E+00  -5.5108331E+00
   9.8500000E+00   9.8500000E+00   5.3513953E+00  -5.2511322E+00
   9.9000000E+00   9.9000000E+00   5.0950821E+00  -5.0033382E+00
   9.9500000E+00   9.9500000E+00   4.8508717E+00  -4.7669327E+00
   1.0000000E+01   1.0000000E+01   4.6182073E+00  -4.5414179E+00
   0.0000000E+00   2.8517894E-01   0.0000000E+00   1.0000000E+00
   5.0000000E-02   3.3517894E-01   4.6914512E-02   8.8963483E-01
   1.0000000E-01   3.8517894E-01   9.0160943E-02   8.5161280E-01
   1.5000000E-01   4.3517894E-01   1.3313041E-01   8.7731934E-01
   2.0000000E-01   4.8517894E-01   1.7885251E-01   9.6098810E-01
   2.5000000E-01   5.3517894E-01   2.3014377E-01   1.0998454E+00
   3.0000000E-01   5.8517894E-01   2.8975233E-01   1.2938740E+00
   3.5000000E-01   6.3517894E-01   3.6048683E-01   1.5454457E+00
   4.0000000E-01   6.8517894E-01   4.4532624E-01   1.8589406E+00
   4.5000000E-01   7.3517894E-01   5.4751146E-01   2.2403992E+00
   5.0000000E-01   7.8517894E-01   6.7062048E-01   2.6972160E+00
   5.5000000E-01   8.3517894E-01   8.1862911E-01   3.2378669E+00
   6.0000000E-01   8.8517894E-01   9.9595878E-01   3.8716573E+00
   6.5000000E-01   9.3517894E-01   1.2075118E+00   4.6084789E+00
   7.0000000E-01   9.8517894E-01   1.4586947E+00   5.4585650E+00
   7.5000000E-01   1.0351789E+00   1.7554290E+00   6.4322363E+00
   8.0000000E-01   1.0851789E+00   2.1041488E+00   7.5396341E+00
   8.5000000E-01   1.1351789E+00   2.5117849E+00   8.7904409E+00
   9.0000000E-01   1.1851789E+00   2.9857351E+00   1.0193589E+01
   9.5000000E-01   1.2351789E+00   3.5338183E+00   1.1756960E+01
   1.0000000E+00   1.2851789E+00   4.1642154E+00   1.3487089E+01
   1.0500000E+00   1.3351789E+00   4.8853940E+00   1.5388863E+01
   1.1000000E+00   1.3851789E+00   5.7060189E+00   1.7465244E+01
   1.1500000E+00   1.4351789E+00   6.6348495E+00   1.9717006E+01
   1.2000000E+00   1.4851789E+00   7.6806243E+00   2.2142506E+01
   1.2500000E+00   1.5351789E+00   8.8519350E+00   2.4737491E+01
   1.3000000E+00   1.5851789E+00   1.0157092E+01   2.7494948E+01
   1.3500000E+00   1.6351789E+00   1.1603985E+01   3.0405010E+01
   1.4000000E+00   1.6851789E+00   1.3199937E+01   3.3454914E+01
   1.4500000E+00   1.7351789E+00   1.4951561E+01   3.6629019E+01
   1.5000000E+00   1.7851789E+00   1.6864616E+01   3.9908888E+01
   1.5500000E+00   1.8351789E+00   1.8943876E+01   4.3273426E+01
   1.6000000E+00   1.8851789E+00   2.1192993E+01   4.6699081E+01
   1.6500000E+00   1.9351789E+00   2.3614390E+01   5.0160101E+01
   1.7000000E+00   1.9851789E+00   2.6209149E+01   5.3628838E+01
   1.7500000E+00   2.0351789E+00   2.8976932E+01   5.7076102E+01
   1.8000000E+00   2.0851789E+00   3.1915912E+01   6.0471543E+01
   1.8500000E+00   2.1351789E+00   3.5022721E+01   6.3784076E+01
   1.9000000E+00   2.1851789E+00   3.8292431E+01   6.6982308E+01
   1.9500000E+00   2.2351789E+00   4.1718543E+01   7.0034990E+01
   2.0000000E+00   2.2851789E+00   4.5293009E+01   7.2911459E+01
   2.0500000E+00   2.3351789E+00   4.9006273E+01   7.5582075E+01
   2.1000000E+00   2.3851789E+00   5.2847331E+01   7.8018643E+01
   2.1500000E+00   2.4351789E+00   5.6803812E+01   8.0194804E+01
   2.2000000E+00   2.4851789E+00   6.0862083E+01   8.2086398E+01
   2.2500000E+00   2.5351789E+00   6.5007362E+01   8.3671780E+01
   2.3000000E+00   2.5851789E+00   6.9223855E+01   8.4932103E+01
   2.3500000E+00   2.6351789E+00   7.3494902E+01   8.5851538E+01
   2.4000000E+00   2.6851789E+00   7.7803128E+01   8.6417456E+01
   2.4500000E+00   2.7351789E+00   8.2130611E+01   8.6620551E+01
   2.5000000E+00   2.7851789E+00   8.6459048E+01   8.6454909E+01
   2.5500000E+00   2.8351789E+00   9.0769924E+01   8.5918025E+01
   2.6000000E+00   2.8851789E+00   9.5044686E+01   8.5010776E+01
   2.6500000E+00   2.9351789E+00   9.9264906E+01   8.3737339E+01
   2.7000000E+00   2.9851789E+00   1.0341245E+02   8.2105069E+01
   2.7500000E+00   3.0351789E+00   1.0746961E+02   8.0124333E+01
   2.8000000E+00   3.0851789E+00   1.1141930E+02   7.7808319E+01
   2.8500000E+00   3.1351789E+00   1.1524512E+02   7.5172800E+01
   2.9000000E+00   3.1851789E+00   1.1893156E+02   7.2235890E+01
   2.9500000E+00   3.2351789E+00   1.2246403E+02   6.9017768E+01
   3.0000000E+00   3.2851789E+00   1.2582902E+02   6.5540394E+01
   3.0500000E+00   3.3351789E+00   1.2901414E+02   6.1827219E+01
   3.1000000E+00   3.3851789E+00   1.3200822E+02   5.7902880E+01
   3.1500000E+00   3.4351789E+00   1.3480134E+02   5.3792913E+01
   3.2000000E+00   3.4851789E+00   1.3738486E+02   4.9523457E+01
   3.2500000E+00   3.5351789E+00   1.3975147E+02   4.5120976E+01
   3.3000000E+00   3.5851789E+00   1.4189518E+02   4.0611988E+01
   3.3500000E+00   3.6351789E+00   1.4381133E+02   3.6022811E+01
   3.4000000E+00   3.6851789E+00   1.4549656E+02   3.1379332E+01
   3.4500000E+00   3.7351789E+00   1.4694878E+02   2.6706788E+01
   3.5000000E+00   3.7851789E+00   1.4816716E+02   2.2029573E+01
   3.5500000E+00   3.8351789E+00   1.4915205E+02   1.7371067E+01
   3.6000000E+00   3.8851789E+00   1.4990495E+02   1.2753483E+01
   3.6500000E+00   3.9351789E+00   1.5042843E+02   8.1977471E+00
   3.7000000E+00   3.9851789E+00   1.5072608E+02   3.7233877E+00
   3.7500000E+00   4.0351789E+00   1.5080242E+02  -6.5154160E-01
   3.8000000E+00   4.0851789E+00   1.5066285E+02  -4.9105242E+00
   3.8500000E+00   4.1351789E+00   1.5031355E+02  -9.0386210E+00
   3.9000000E+00   4.1851789E+00   1.4976139E+02  -1.3022491E+01
   3.9500000E+00   4.2351789E+00   1.4901390E+02  -1.6850396E+01
   4.0000000E+00   4.2851789E+00   1.4807912E+02  -2.0512187E+01
   4.0500000E+00   4.3351789E+00   1.4696559E+02  -2.3999279E+01
   4.1000000E+00   4.3851789E+00   1.4568222E+02  -2.7304611E+01
   4.1500000E+00   4.4351789E+00   1.4423825E+02  -3.0422593E+01
   4.2000000E+00   4.4851789E+00   1.4264315E+02  -3.3349049E+01
   4.2500000E+00   4.5351789E+00   1.4090658E+02  -3.6081145E+01
   4.3000000E+00   4.5851789E+00   1.3903830E+02  -3.8617315E+01
   4.3500000E+00   4.6351789E+00   1.3704812E+02  -4.0957182E+01
   4.4000000E+00   4.6851789E+00   1.3494584E+02  -4.3101470E+01
   4.4500000E+00   4.7351789E+00   1.3274120E+02  -4.5051922E+01
   4.5000000E+00   4.7851789E+00   1.3044383E+02  -4.6811208E+01
   4.5500000E+00   4.8351789E+00   1.2806320E+02  -4.8382837E+01
   4.6000000E+00   4.8851789E+00   1.2560860E+02  -4.9771071E+01
   4.6500000E+00   4.9351789E+00   1.2308907E+02  -5.0980839E+01
   4.7000000E+00   4.9851789E+00   1.2051340E+02  -5.2017647E+01
   4.7500000E+00   5.0351789E+00   1.1789008E+02  -5.2887504E+01
   4.8000000E+00   5.0851789E+00   1.1522732E+02  -5.3596839E+01
   4.8500000E+00   5.1351789E+00   1.1253296E+02  -5.4152427E+01
   4.9000000E+00   5.1851789E+00   1.0981452E+02  -5.4561320E+01
   4.9500000E+00   5.2351789E+00   1.0707915E+02  -5.4830778E+01
   5.0000000E+00   5.2851789E+00   1.0433364E+02  -5.4968210E+01
   5.0500000E+00   5.3351789E+00   1.0158440E+02  -5.4981117E+01
   5.1000000E+00   5.3851789E+00   9.8837474E+01  -5.4877035E+01
   5.1500000E+00   5.4351789E+00   9.6098519E+01  -5.4663492E+01
   5.2000000E+00   5.4851789E+00   9.3372823E+01  -5.4347963E+01
   5.2500000E+00   5.5351789E+00   9.0665298E+01  -5.3937829E+01
   5.3000000E+00   5.5851789E+00   8.7980493E+01  -5.3440347E+01
   5.3500000E+00   5.6351789E+00   8.5322599E+01  -5.2862613E+01
   5.4000000E+00   5.6851789E+00   8.2695453E+01  -5.2211542E+01
   5.4500000E+00   5.7351789E+00   8.0102553E+01  -5.1493842E+01
   5.5000000E+00   5.7851789E+00   7.7547069E+01  -5.0715995E+01
   5.5500000E+00   5.8351789E+00   7.5031851E+01  -4.9884242E+01
   5.6000000E+00   5.8851789E+00   7.2559442E+01  -4.9004572E+01
   5.6500000E+00   5.9351789E+00   7.0132095E+01  -4.8082707E+01
   5.7000000E+00   5.9851789E+00   6.7751782E+01  -4.7124104E+01
   5.7500000E+00   6.0351789E+00   6.5420210E+01  -4.6133939E+01
   5.8000000E+00   6.0851789E+00   6.3138831E+01  -4.5117116E+01
   5.8500000E+00   6.1351789E+00   6.0908864E+01  -4.4078257E+01
   5.9000000E+00   6.1851789E+00   5.8731299E+01  -4.3021711E+01
   5.9500000E+00   6.2351789E+00   5.6606919E+01  -4.1951552E+01
   6.0000000E+00   6.2851789E+00   5.4536307E+01  -4.0871585E+01
   6.0500000E+00   6.3351789E+00   5.2519864E+01  -3.9785351E+01
   6.1000000E+00   6.3851789E+00   5.0557820E+01  -3.8696136E+01
   6.1500000E+00   6.4351789E+00   4.8650248E+01  -3.7606974E+01
   6.2000000E+00   6.4851789E+00   4.6797075E+01  -3.6520658E+01
   6.2500000E+00   6.5351789E+00   4.4998092E+01  -3.5439750E+01
   6.3000000E+00   6.5851789E+00   4.3252970E+01  -3.4366587E+01
   6.3500000E+00   6.6351789E+00   4.1561268E+01  -3.3303292E+01
   6.4000000E+00   6.6851789E+00   3.9922443E+01  -3.2251785E+01
   6.4500000E+00   6.7351789E+00   3.8335863E+01  -3.1213790E+01
   6.5000000E+00   6.7851789E+00   3.6800813E+01  -3.0190849E+01
   6.5500000E+00   6.8351789E+00   3.5316504E+01  -2.9184327E+01
   6.6000000E+00   6.8851789E+00   3.3882086E+01  -2.8195426E+01
   6.6500000E+00   6.9351789E+00   3.2496650E+01  -2.7225194E+01
   6.7000000E+00   6.9851789E+00   3.1159240E+01  -2.6274534E+01
   6.7500000E+00   7.0351789E+00   2.9868858E+01  -2.5344213E+01
   6.8000000E+00   7.0851789E+00   2.8624469E+01  -2.4434872E+01
   6.8500000E+00   7.1351789E+00   2.7425012E+01  -2.3547034E+01
   6.9000000E+00   7.1851789E+00   2.6269400E+01  -2.2681114E+01
   6.9500000E+00   7.2351789E+00   2.5156529E+01  -2.1837426E+01
   7.0000000E+00   7.2851789E+00   2.4085283E+01  -2.1016192E+01
   7.0500000E+00   7.3351789E+00   2.3054533E+01  -2.0217549E+01
   7.1000000E+00   7.3851789E+00   2.2063150E+01  -1.9441554E+01
   7.1500000E+00   7.4351789E+00   2.1110001E+01  -1.8688197E+01
   7.2000000E+00   7.4851789E+00   2.0193954E+01  -1.7957399E+01
   7.2500000E+00   7.5351789E+00   1.9313887E+01  -1.7249028E+01
   7.3000000E+00   7.5851789E+00   1.8468681E+01  -1.6562894E+01
   7.3500000E+00   7.6351789E+00   1.7657230E+01  -1.5898764E+01
   7.4000000E+00   7.6851789E+00   1.6878442E+01  -1.5256363E+01
   7.4500000E+00   7.7351789E+00   1.6131237E+01  -1.4635377E+01
   7.5000000E+00   7.7851789E+00   1.5414553E+01  -1.4035460E+01
   7.5500000E+00   7.8351789E+00   1.4727346E+01  -1.3456239E+01
   7.6000000E+00   7.8851789E+00   1.4068591E+01  -1.2897315E+01
   7.6500000E+00   7.9351789E+00   1.3437283E+01  -1.2358270E+01
   7.7000000E+00   7.9851789E+00   1.2832440E+01  -1.1838666E+01
   7.7500000E+00   8.0351789E+00   1.2253100E+01  -1.1338053E+01
   7.8000000E+00   8.0851789E+00   1.1698326E+01  -1.0855967E+01
   7.8500000E+00   8.1351789E+00   1.1167202E+01  -1.0391938E+01
   7.9000000E+00   8.1851789E+00   1.0658839E+01  -9.9454857E+00
   7.9500000E+00   8.2351789E+00   1.0172369E+01  -9.5161285E+00
   8.0000000E+00   8.2851789E+00   9.7069494E+00  -9.1033804E+00
   8.0500000E+00   8.3351789E+00   9.2617622E+00  -8.7067552E+00
   8.1000000E+00   8.3851789E+00   8.8360132E+00  -8.3257675E+00
   8.1500000E+00   8.4351789E+00   8.4289328E+00  -7.9599342E+00
   8.2000000E+00   8.4851789E+00   8.0397752E+00  -7.6087756E+00
   8.2500000E+00   8.5351789E+00   7.6678186E+00  -7.2718170E+00
   8.3000000E+00   8.5851789E+00   7.3123647E+00  -6.9485891E+00
   8.3500000E+00   8.6351789E+00   6.9727386E+00  -6.6386294E+00
   8.4000000E+00   8.6851789E+00   6.6482882E+00  -6.3414827E+00
   8.4500000E+00   8.7351789E+00   6.3383842E+00  -6.0567021E+00
   8.5000000E+00   8.7851789E+00   6.0424192E+00  -5.7838492E+00
   8.5500000E+00   8.8351789E+00   5.7598076E+00  -5.5224945E+00
   8.6000000E+00   8.8851789E+00   5.4899851E+00  -5.2722186E+00
   8.6500000E+00   8.9351789E+00   5.2324080E+00  -5.0326114E+00
   8.7000000E+00   8.9851789E+00   4.9865528E+00  -4.8032734E+00
   8.7500000E+00   9.0351789E+00   4.7519160E+00  -4.5838153E+00
   8.8000000E+00   9.0851789E+00   4.5280130E+00  -4.3738582E+00
   8.8500000E+00   9.1351789E+00   4.3143780E+00  -4.1730341E+00
   8.9000000E+00   9.1851789E+00   4.1105633E+00  -3.9809853E+00
   8.9500000E+00   9.2351789E+00   3.9161390E+00  -3.7973650E+00
   9.0000000E+00   9.2851789E+00   3.7306919E+00  -3.6218372E+00
   9.0500000E+00   9.3351789E+00   3.5538258E+00  -3.4540762E+00
   9.1000000E+00   9.3851789E+00   3.3851601E+00  -3.2937668E+00
   9.1500000E+00   9.4351789E+00   3.2243300E+00  -3.1406046E+00
   9.2000000E+00   9.4851789E+00   3.0709855E+00  -2.9942949E+00
   9.2500000E+00   9.5351789E+00   2.9247911E+00  -2.8545537E+00
   9.3000000E+00   9.5851789E+00   2.7854252E+00  -2.7211064E+00
   9.3500000E+00   9.6351789E+00   2.6525799E+00  -2.5936884E+00
   9.4000000E+00   9.6851789E+00   2.5259602E+00  -2.4720448E+00
   9.4500000E+00   9.7351789E+00   2.4052833E+00  -2.3559298E+00
   9.5000000E+00   9.7851789E+00   2.2902790E+00  -2.2451067E+00
   9.5500000E+00   9.8351789E+00   2.1806883E+00  -2.1393479E+00
   9.6000000E+00   9.8851789E+00   2.0762635E+00  -2.0384345E+00
   9.6500000E+00   9.9351789E+00   1.9767676E+00  -1.9421556E+00
   9.7000000E+00   9.9851789E+00   1.8819740E+00  -1.8503091E+00
   9.7500000E+00   1.0035179E+01   1.7916661E+00  -1.7627005E+00
   9.8000000E+00   1.0085179E+01   1.7056365E+00  -1.6791430E+00
   9.8500000E+00   1.0135179E+01   1.6236872E+00  -1.5994575E+00
   9.9000000E+00   1.0185179E+01   1.5456291E+00  -1.5234719E+00
   9.9500000E+00   1.0235179E+01   1.4712811E+00  -1.4510214E+00
   1.0000000E+01   1.0285179E+01   1.4004707E+00  -1.3819477E+00
   0.0000000E+00   6.9314718E-01   0.0000000E+00   1.0000000E+00
   5.0000000E-02   7.4314718E-01   4.6964945E-02   8.9219008E-01
   1.0000000E-01   7.9314718E-01   9.0386741E-02   8.5515000E-01
   1.5000000E-01   8.4314718E-01   1.3339860E-01   8.7371808E-01
   2.0000000E-01   8.9314718E-01   1.7851447E-01   9.3797673E-01
   2.5000000E-01   9.4314718E-01   2.2785009E-01   1.0416909E+00
   3.0000000E-01   9.9314718E-01   2.8327735E-01   1.1811819E+00
   3.5000000E-01   1.0431472E+00   3.4653079E-01   1.3545169E+00
   4.0000000E-01   1.0931472E+00   4.1927940E-01   1.5609253E+00
   4.5000000E-01   1.1431472E+00   5.0317364E-01   1.8003736E+00
   5.0000000E-01   1.1931472E+00   5.9987399E-01   2.0732509E+00
   5.5000000E-01   1.2431472E+00   7.1106593E-01   2.3801332E+00
   6.0000000E-01   1.2931472E+00   8.3846449E-01   2.7216012E+00
   6.5000000E-01   1.3431472E+00   9.8381088E-01   3.0980975E+00
   7.0000000E-01   1.3931472E+00   1.1488625E+00   3.5098134E+00
   7.5000000E-01   1.4431472E+00   1.3353782E+00   3.9565972E+00
   8.0000000E-01   1.4931472E+00   1.5450990E+00   4.4378820E+00
   8.5000000E-01   1.5431472E+00   1.7797261E+00   4.9526292E+00
   9.0000000E-01   1.5931472E+00   2.0408960E+00   5.4992869E+00
   9.5000000E-01   1.6431472E+00   2.3301542E+00   6.0757633E+00
   1.0000000E+00   1.6931472E+00   2.6489278E+00   6.6794136E+00
   1.0500000E+00   1.7431472E+00   2.9984979E+00   7.3070408E+00
   1.1000000E+00   1.7931472E+00   3.3799721E+00   7.9549096E+00
   1.1500000E+00   1.8431472E+00   3.7942585E+00   8.6187743E+00
   1.2000000E+00   1.8931472E+00   4.2420406E+00   9.2939171E+00
   1.2500000E+00   1.9431472E+00   4.7237557E+00   9.9752001E+00
   1.3000000E+00   1.9931472E+00   5.2395746E+00   1.0657125E+01
   1.3500000E+00   2.0431472E+00   5.7893857E+00   1.1333904E+01
   1.4000000E+00   2.0931472E+00   6.3727825E+00   1.1999535E+01
   1.4500000E+00   2.1431472E+00   6.9890545E+00   1.2647885E+01
   1.5000000E+00   2.1931472E+00   7.6371832E+00   1.3272776E+01
   1.5500000E+00   2.2431472E+00   8.3158420E+00   1.3868073E+01
   1.6000000E+00   2.2931472E+00   9.0234003E+00   1.4427769E+01
   1.6500000E+00   2.3431472E+00   9.7579321E+00   1.4946074E+01
   1.7000000E+00   2.3931472E+00   1.0517229E+01   1.5417493E+01
   1.7500000E+00   2.4431472E+00   1.1298818E+01   1.5836907E+01
   1.8000000E+00   2.4931472E+00   1.2099978E+01   1.6199636E+01
   1.8500000E+00   2.5431472E+00   1.2917769E+01   1.6501509E+01
   1.9000000E+00   2.5931472E+00   1.3749057E+01   1.6738908E+01
   1.9500000E+00   2.6431472E+00   1.4590538E+01   1.6908819E+01
   2.0000000E+00   2.6931472E+00   1.5438776E+01   1.7008861E+01
   2.0500000E+00   2.7431472E+00   1.6290233E+01   1.7037309E+01
   2.1000000E+00   2.7931472E+00   1.7141298E+01   1.6993105E+01
   2.1500000E+00   2.8431472E+00   1.7988328E+01   1.6875865E+01
   2.2000000E+00   2.8931472E+00   1.8827674E+01   1.6685865E+01
   2.2500000E+00   2.9431472E+00   1.9655718E+01   1.6424028E+01
   2.3000000E+00   2.9931472E+00   2.0468906E+01   1.6091897E+01
   2.3500000E+00   3.0431472E+00   2.1263773E+01   1.5691604E+01
   2.4000000E+00   3.0931472E+00   2.2036976E+01   1.5225825E+01
   2.4500000E+00   3.1431472E+00   2.2785318E+01   1.4697741E+01
   2.5000000E+00   3.1931472E+00   2.3505773E+01   1.4110982E+01
   2.5500000E+00   3.2431472E+00   2.4195507E+01   1.3469577E+01
   2.6000000E+00   3.2931472E+00   2.4851894E+01   1.2777897E+01
   2.6500000E+00   3.3431472E+00   2.5472536E+01   1.2040593E+01
   2.7000000E+00   3.3931472E+00   2.6055275E+01   1.1262546E+01
   2.7500000E+00   3.4431472E+00   2.6598196E+01   1.0448801E+01
   2.8000000E+00   3.4931472E+00   2.7099646E+01   9.6045113E+00
   2.8500000E+00   3.5431472E+00   2.7558226E+01   8.7348887E+00
   2.9000000E+00   3.5931472E+00   2.7972800E+01   7.8451458E+00
   2.9500000E+00   3.6431472E+00   2.8342491E+01   6.9404487E+00
   3.0000000E+00   3.6931472E+00   2.8666680E+01   6.0258714E+00
   3.0500000E+00   3.7431472E+00   2.8944996E+01   5.1063540E+00
   3.1000000E+00   3.7931472E+00   2.9177312E+01   4.1866648E+00
   3.1500000E+00   3.8431472E+00   2.9363736E+01   3.2713679E+00
   3.2000000E+00   3.8931472E+00   2.9504594E+01   2.3647936E+00
   3.2500000E+00   3.9431472E+00   2.9600428E+01   1.4710153E+00
   3.3000000E+00   3.9931472E+00   2.9651972E+01   5.9382893E-01
   3.3500000E+00   4.0431472E+00   2.9660146E+01  -2.6326208E-01
   3.4000000E+00   4.0931472E+00   2.9626034E+01  -1.0970580E+00
   3.4500000E+00   4.1431472E+00   2.9550876E+01  -1.9046704E+00
   3.5000000E+00   4.1931472E+00   2.9436046E+01  -2.6835254E+00
   3.5500000E+00   4.2431472E+00   2.9283040E+01  -3.4313643E+00
   3.6000000E+00   4.2931472E+00   2.9093459E+01  -4.1462403E+00
   3.6500000E+00   4.3431472E+00   2.8868992E+01  -4.8265132E+00
   3.7000000E+00   4.3931472E+00   2.8611406E+01  -5.4708408E+00
   3.7500000E+00   4.4431472E+00   2.8322524E+01  -6.0781691E+00
   3.8000000E+00   4.4931472E+00   2.8004218E+01  -6.6477193E+00
   3.8500000E+00   4.5431472E+00   2.7658390E+01  -7.1789750E+00
   3.9000000E+00   4.5931472E+00   2.7286963E+01  -7.6716666E+00
   3.9500000E+00   4.6431472E+00   2.6891866E+01  -8.1257553E+00
   4.0000000E+00   4.6931472E+00   2.6475027E+01  -8.5414169E+00
   4.0500000E+00   4.7431472E+00   2.6038358E+01  -8.9190242E+00
   4.1000000E+00   4.7931472E+00   2.5583749E+01  -9.2591299E+00
   4.1500000E+00   4.8431472E+00   2.5113058E+01  -9.5624492E+00
   4.2000000E+00   4.8931472E+00   2.4628103E+01  -9.8298423E+00
   4.2500000E+00   4.9431472E+00   2.4130656E+01  -1.0062298E+01
   4.3000000E+00   4.9931472E+00   2.3622436E+01  -1.0260915E+01
   4.3500000E+00   5.0431472E+00   2.3105108E+01  -1.0426891E+01
   4.4000000E+00   5.0931472E+00   2.2580270E+01  -1.0561502E+01
   4.4500000E+00   5.1431472E+00   2.2049457E+01  -1.0666090E+01
   4.5000000E+00   5.1931472E+00   2.1514137E+01  -1.0742049E+01
   4.5500000E+00   5.2431472E+00   2.0975705E+01  -1.0790812E+01
   4.6000000E+00   5.2931472E+00   2.0435485E+01  -1.0813842E+01
   4.6500000E+00   5.3431472E+00   1.9894725E+01  -1.0812614E+01
   4.7000000E+00   5.3931472E+00   1.9354602E+01  -1.0788611E+01
   4.7500000E+00   5.4431472E+00   1.8816218E+01  -1.0743314E+01
   4.8000000E+00   5.4931472E+00   1.8280601E+01  -1.0678190E+01
   4.8500000E+00   5.5431472E+00   1.7748705E+01  -1.0594687E+01
   4.9000000E+00   5.5931472E+00   1.7221414E+01  -1.0494228E+01
   4.9500000E+00   5.6431472E+00   1.6699542E+01  -1.0378203E+01
   5.0000000E+00   5.6931472E+00   1.6183831E+01  -1.0247966E+01
   5.0500000E+00   5.7431472E+00   1.5674960E+01  -1.0104830E+01
   5.1000000E+00   5.7931472E+00   1.5173541E+01  -9.9500630E+00
   5.1500000E+00   5.8431472E+00   1.4680126E+01  -9.7848839E+00
   5.2000000E+00   5.8931472E+00   1.4195207E+01  -9.6104626E+00
   5.2500000E+00   5.9431472E+00   1.3719215E+01  -9.4279168E+00
   5.3000000E+00   5.9931472E+00   1.3252532E+01  -9.2383105E+00
   5.3500000E+00   6.0431472E+00   1.2795485E+01  -9.0426537E+00
   5.4000000E+00   6.0931472E+00   1.2348352E+01  -8.8419020E+00
   5.4500000E+00   6.1431472E+00   1.1911364E+01  -8.6369560E+00
   5.5000000E+00   6.1931472E+00   1.1484712E+01  -8.4286623E+00
   5.5500000E+00   6.2431472E+00   1.1068540E+01  -8.2178138E+00
   5.6000000E+00   6.2931472E+00   1.0662960E+01  -8.0051506E+00
   5.6500000E+00   6.3431472E+00   1.0268044E+01  -7.7913611E+00
   5.7000000E+00   6.3931472E+00   9.8838320E+00  -7.5770836E+00
   5.7500000E+00   6.4431472E+00   9.5103338E+00  -7.3629071E+00
   5.8000000E+00   6.4931472E+00   9.1475304E+00  -7.1493739E+00
   5.8500000E+00   6.5431472E+00   8.7953772E+00  -6.9369805E+00
   5.9000000E+00   6.5931472E+00   8.4538057E+00  -6.7261798E+00
   5.9500000E+00   6.6431472E+00   8.1227257E+00  -6.5173830E+00
   6.0000000E+00   6.6931472E+00   7.8020277E+00  -6.3109612E+00
   6.0500000E+00   6.7431472E+00   7.4915843E+00  -6.1072479E+00
   6.1000000E+00   6.7931472E+00   7.1912527E+00  -5.9065404E+00
   6.1500000E+00   6.8431472E+00   6.9008757E+00  -5.7091024E+00
   6.2000000E+00   6.8931472E+00   6.6202840E+00  -5.5151652E+00
   6.2500000E+00   6.9431472E+00   6.3492974E+00  -5.3249302E+00
   6.3000000E+00   6.9931472E+00   6.0877263E+00  -5.1385706E+00
   6.3500000E+00   7.0431472E+00   5.8353732E+00  -4.9562332E+00
   6.4000000E+00   7.0931472E+00   5.5920339E+00  -4.7780403E+00
   6.4500000E+00   7.1431472E+00   5.3574984E+00  -4.6040914E+00
   6.5000000E+00   7.1931472E+00   5.1315526E+00  -4.4344647E+00
   6.5500000E+00   7.2431472E+00   4.9139789E+00  -4.2692190E+00
   6.6000000E+00   7.2931472E+00   4.7045570E+00  -4.1083952E+00
   6.6500000E+00   7.3431472E+00   4.5030652E+00  -3.9520175E+00
   6.7000000E+00   7.3931472E+00   4.3092809E+00  -3.8000953E+00
   6.7500000E+00   7.4431472E+00   4.1229815E+00  -3.6526240E+00
   6.8000000E+00   7.4931472E+00   3.9439446E+00  -3.5095867E+00
   6.8500000E+00   7.5431472E+00   3.7719493E+00  -3.3709550E+00
   6.9000000E+00   7.5931472E+00   3.6067763E+00  -3.2366907E+00
   6.9500000E+00   7.6431472E+00   3.4482082E+00  -3.1067464E+00
   7.0000000E+00   7.6931472E+00   3.2960306E+00  -2.9810664E+00
   7.0500000E+00   7.7431472E+00   3.1500315E+00  -2.8595882E+00
   7.1000000E+00   7.7931472E+00   3.0100028E+00  -2.7422428E+00
   7.1500000E+00   7.8431472E+00   2.8757396E+00  -2.6289560E+00
   7.2000000E+00   7.8931472E+00   2.7470409E+00  -2.5196486E+00
   7.2500000E+00   7.9431472E+00   2.6237098E+00  -2.4142376E+00
   7.3000000E+00   7.9931472E+00   2.5055536E+00  -2.3126368E+00
   7.3500000E+00   8.0431472E+00   2.3923841E+00  -2.2147568E+00
   7.4000000E+00   8.0931472E+00   2.2840174E+00  -2.1205064E+00
   7.4500000E+00   8.1431472E+00   2.1802745E+00  -2.0297926E+00
   7.5000000E+00   8.1931472E+00   2.0809808E+00  -1.9425211E+00
   7.5500000E+00   8.2431472E+00   1.9859666E+00  -1.8585968E+00
   7.6000000E+00   8.2931472E+00   1.8950669E+00  -1.7779242E+00
   7.6500000E+00   8.3431472E+00   1.8081216E+00  -1.7004075E+00
   7.7000000E+00   8.3931472E+00   1.7249752E+00  -1.6259515E+00
   7.7500000E+00   8.4431472E+00   1.6454770E+00  -1.5544611E+00
   7.8000000E+00   8.4931472E+00   1.5694812E+00  -1.4858422E+00
   7.8500000E+00   8.5431472E+00   1.4968465E+00  -1.4200015E+00
   7.9000000E+00   8.5931472E+00   1.4274363E+00  -1.3568469E+00
   7.9500000E+00   8.6431472E+00   1.3611185E+00  -1.2962878E+00
   8.0000000E+00   8.6931472E+00   1.2977657E+00  -1.2382347E+00
   8.0500000E+00   8.7431472E+00   1.2372547E+00  -1.1826001E+00
   8.1000000E+00   8.7931472E+00   1.1794668E+00  -1.1292980E+00
   8.1500000E+00   8.8431472E+00   1.1242875E+00  -1.0782443E+00
   8.2000000E+00   8.8931472E+00   1.0716063E+00  -1.0293567E+00
   8.2500000E+00   8.9431472E+00   1.0213170E+00  -9.8255484E-01
   8.3000000E+00   8.9931472E+00   9.7331736E-01  -9.3776055E-01
   8.3500000E+00   9.0431472E+00   9.2750880E-01  -8.9489753E-01
   8.4000000E+00   9.0931472E+00   8.8379666E-01  -8.5389163E-01
   8.4500000E+00   9.1431472E+00   8.4208989E-01  -8.1467075E-01
   8.5000000E+00   9.1931472E+00   8.0230100E-01  -7.7716491E-01
   8.5500000E+00   9.2431472E+00   7.6434595E-01  -7.4130622E-01
   8.6000000E+00   9.2931472E+00   7.2814403E-01  -7.0702890E-01
   8.6500000E+00   9.3431472E+00   6.9361777E-01  -6.7426924E-01
   8.7000000E+00   9.3931472E+00   6.6069284E-01  -6.4296559E-01
   8.7500000E+00   9.4431472E+00   6.2929794E-01  -6.1305835E-01
   8.8000000E+00   9.4931472E+00   5.9936469E-01  -5.8448993E-01
   8.8500000E+00   9.5431472E+00   5.7082756E-01  -5.5720473E-01
   8.9000000E+00   9.5931472E+00   5.4362373E-01  -5.3114908E-01
   8.9500000E+00   9.6431472E+00   5.1769302E-01  -5.0627124E-01
   9.0000000E+00   9.6931472E+00   4.9297781E-01  -4.8252134E-01
   9.0500000E+00   9.7431472E+00   4.6942289E-01  -4.5985133E-01
   9.1000000E+00   9.7931472E+00   4.4697545E-01  -4.3821497E-01
   9.1500000E+00   9.8431472E+00   4.2558491E-01  -4.1756773E-01
   9.2000000E+00   9.8931472E+00   4.0520291E-01  -3.9786682E-01
   9.2500000E+00   9.9431472E+00   3.8578315E-01  -3.7907106E-01
   9.3000000E+00   9.9931472E+00   3.6728138E-01  -3.6114089E-01
   9.3500000E+00   1.0043147E+01   3.4965527E-01  -3.4403834E-01
   9.4000000E+00   1.0093147E+01   3.3286436E-01  -3.2772690E-01
   9.4500000E+00   1.0143147E+01   3.1686998E-01  -3.1217156E-01
   9.5000000E+00   1.0193147E+01   3.0163516E-01  -2.9733872E-01
   9.5500000E+00   1.0243147E+01   2.8712460E-01  -2.8319615E-01
   9.6000000E+00   1.0293147E+01   2.7330456E-01  -2.6971294E-01
   9.6500000E+00   1.0343147E+01   2.6014282E-01  -2.5685947E-01
   9.7000000E+00   1.0393147E+01   2.4760859E-01  -2.4460736E-01
   9.7500000E+00   1.0443147E+01   2.3567251E-01  -2.3292942E-01
   9.8000000E+00   1.0493147E+01   2.2430652E-01  -2.2179959E-01
   9.8500000E+00   1.0543147E+01   2.1348383E-01  -2.1119296E-01
   9.9000000E+00   1.0593147E+01   2.0317890E-01  -2.0108565E-01
   9.9500000E+00   1.0643147E+01   1.9336733E-01  -1.9145482E-01
   1.0000000E+01   1.0693147E+01   1.8402584E-01  -1.8227863E-01
