   0.0000000E+00  -1.1086626E+00   0.0000000E+00   1.0000000E+00
   5.0000000E-02  -1.0586626E+00   1.7756963E-02  -2.4709353E-01
   1.0000000E-01  -1.0086626E+00  -7.1250114E-03  -4.5780964E-01
   1.5000000E-01  -9.5866262E-01  -1.1905821E-02   2.1654055E-01
   2.0000000E-01  -9.0866262E-01   4.8026573E-03   3.2496951E-01
   2.5000000E-01  -8.5866262E-01   1.1393083E-02  -6.4810325E-02
   3.0000000E-01  -8.0866262E-01   1.5348218E-03  -2.6575036E-01
   3.5000000E-01  -7.5866262E-01  -8.9198185E-03  -1.1891994E-01
   4.0000000E-01  -7.0866262E-01  -8.9613937E-03   1.0345656E-01
   4.5000000E-01  -6.5866262E-01  -1.1164666E-03   1.8217441E-01
   5.0000000E-01  -6.0866262E-01   6.6373697E-03   1.1236990E-01
   5.5000000E-01  -5.5866262E-01   9.3004765E-03  -4.8604978E-03
   6.0000000E-01  -5.0866262E-01   6.7744102E-03  -8.6991925E-02
   6.5000000E-01  -4.5866262E-01   1.6343002E-03  -1.0964658E-01
   7.0000000E-01  -4.0866262E-01  -3.4338065E-03  -8.8095648E-02
   7.5000000E-01  -3.5866262E-01  -6.8703844E-03  -4.8313433E-02
   8.0000000E-01  -3.0866262E-01  -8.2963442E-03  -1.0005279E-02
   8.5000000E-01  -2.5866262E-01  -8.0577242E-03   1.7495399E-02
   9.0000000E-01  -2.0866262E-01  -6.7553529E-03   3.2725700E-02
   9.5000000E-01  -1.5866262E-01  -4.9492529E-03   3.8202578E-02
   1.0000000E+00  -1.0866262E-01  -3.0379369E-03   3.7512724E-02
   1.0500000E+00  -5.8662625E-02  -1.2478699E-03   3.3798785E-02
   1.1000000E+00  -8.6626245E-03   3.2885586E-04   2.9265937E-02
   1.1500000E+00   4.1337375E-02   1.6873319E-03   2.5225353E-02
   1.2000000E+00   9.1337375E-02   2.8707172E-03   2.2331510E-02
   1.2500000E+00   1.4133738E-01   3.9437985E-03   2.0832688E-02
   1.3000000E+00   1.9133738E-01   4.9778219E-03   2.0765664E-02
   1.3500000E+00   2.4133738E-01   6.0433788E-03   2.2083930E-02
   1.4000000E+00   2.9133738E-01   7.2082844E-03   2.4731842E-02
   1.4500000E+00   3.4133738E-01   8.5381742E-03   2.8681901E-02
   1.5000000E+00   3.9133738E-01   1.0098354E-02   3.3949720E-02
   1.5500000E+00   4.4133738E-01   1.1956062E-02   4.0596857E-02
   1.6000000E+00   4.9133738E-01   1.4182708E-02   4.8727789E-02
   1.6500000E+00   5.4133738E-01   1.6855886E-02   5.8484481E-02
   1.7000000E+00   5.9133738E-01   2.0061100E-02   7.0040264E-02
   1.7500000E+00   6.4133738E-01   2.3893176E-02   8.3593696E-02
   1.8000000E+00   6.9133738E-01   2.8457374E-02   9.9362574E-02
   1.8500000E+00   7.4133738E-01   3.3870201E-02   1.1757802E-01
   1.9000000E+00   7.9133738E-01   4.0259930E-02   1.3847854E-01
   1.9500000E+00   8.4133738E-01   4.7766818E-02   1.6230384E-01
   2.0000000E+00   8.9133738E-01   5.6543004E-02   1.8928850E-01
   2.0500000E+00   9.4133738E-01   6.6752088E-02   2.1965526E-01
   2.1000000E+00   9.9133738E-01   7.8568368E-02   2.5360812E-01
   2.1500000E+00   1.0413374E+00   9.2175730E-02   2.9132534E-01
   2.2000000E+00   1.0913374E+00   1.0776618E-01   3.3295235E-01
   2.2500000E+00   1.1413374E+00   1.2553803E-01   3.7859487E-01
   2.3000000E+00   1.1913374E+00   1.4569374E-01   4.2831237E-01
   2.3500000E+00   1.2413374E+00   1.6843749E-01   4.8211203E-01
   2.4000000E+00   1.2913374E+00   1.9397235E-01   5.3994344E-01
   2.4500000E+00   1.3413374E+00   2.2249739E-01   6.0169427E-01
   2.5000000E+00   1.3913374E+00   2.5420440E-01   6.6718694E-01
   2.5500000E+00   1.4413374E+00   2.8927465E-01   7.3617658E-01
   2.6000000E+00   1.4913374E+00   3.2787543E-01   8.0835030E-01
   2.6500000E+00   1.5413374E+00   3.7015673E-01   8.8332790E-01
   2.7000000E+00   1.5913374E+00   4.1624787E-01   9.6066397E-01
   2.7500000E+00   1.6413374E+00   4.6625434E-01   1.0398515E+00
   2.8000000E+00   1.6913374E+00   5.2025484E-01   1.1203268E+00
   2.8500000E+00   1.7413374E+00   5.7829862E-01   1.2014758E+00
   2.9000000E+00   1.7913374E+00   6.4040309E-01   1.2826416E+00
   2.9500000E+00   1.8413374E+00   7.0655192E-01   1.3631325E+00
   3.0000000E+00   1.8913374E+00   7.7669353E-01   1.4422319E+00
   3.0500000E+00   1.9413374E+00   8.5074010E-01   1.5192078E+00
   3.1000000E+00   1.9913374E+00   9.2856703E-01   1.5933233E+00
   3.1500000E+00   2.0413374E+00   1.0100129E+00   1.6638469E+00
   3.2000000E+00   2.0913374E+00   1.0948803E+00   1.7300634E+00
   3.2500000E+00   2.1413374E+00   1.1829364E+00   1.7912838E+00
   3.3000000E+00   2.1913374E+00   1.2739149E+00   1.8468552E+00
   3.3500000E+00   2.2413374E+00   1.3675180E+00   1.8961697E+00
   3.4000000E+00   2.2913374E+00   1.4634187E+00   1.9386731E+00
   3.4500000E+00   2.3413374E+00   1.5612638E+00   1.9738719E+00
   3.5000000E+00   2.3913374E+00   1.6606773E+00   2.0013398E+00
   3.5500000E+00   2.4413374E+00   1.7612633E+00   2.0207224E+00
   3.6000000E+00   2.4913374E+00   1.8626104E+00   2.0317416E+00
   3.6500000E+00   2.5413374E+00   1.9642950E+00   2.0341979E+00
   3.7000000E+00   2.5913374E+00   2.0658857E+00   2.0279717E+00
   3.7500000E+00   2.6413374E+00   2.1669470E+00   2.0130237E+00
   3.8000000E+00   2.6913374E+00   2.2670436E+00   1.9893938E+00
   3.8500000E+00   2.7413374E+00   2.3657438E+00   1.9571989E+00
   3.9000000E+00   2.7913374E+00   2.4626240E+00   1.9166299E+00
   3.9500000E+00   2.8413374E+00   2.5572717E+00   1.8679473E+00
   4.0000000E+00   2.8913374E+00   2.6492891E+00   1.8114769E+00
   4.0500000E+00   2.9413374E+00   2.7382962E+00   1.7476038E+00
   4.1000000E+00   2.9913374E+00   2.8239335E+00   1.6767669E+00
   4.1500000E+00   3.0413374E+00   2.9058650E+00   1.5994517E+00
   4.2000000E+00   3.0913374E+00   2.9837796E+00   1.5161840E+00
   4.2500000E+00   3.1413374E+00   3.0573935E+00   1.4275230E+00
   4.3000000E+00   3.1913374E+00   3.1264518E+00   1.3340540E+00
   4.3500000E+00   3.2413374E+00   3.1907289E+00   1.2363817E+00
   4.4000000E+00   3.2913374E+00   3.2500302E+00   1.1351233E+00
   4.4500000E+00   3.3413374E+00   3.3041919E+00   1.0309019E+00
   4.5000000E+00   3.3913374E+00   3.3530814E+00   9.2434044E-01
   4.5500000E+00   3.4413374E+00   3.3965972E+00   8.1605570E-01
   4.6000000E+00   3.4913374E+00   3.4346684E+00   7.0665288E-01
   4.6500000E+00   3.5413374E+00   3.4672537E+00   5.9672068E-01
   4.7000000E+00   3.5913374E+00   3.4943411E+00   4.8682691E-01
   4.7500000E+00   3.6413374E+00   3.5159461E+00   3.7751451E-01
   4.8000000E+00   3.6913374E+00   3.5321108E+00   2.6929821E-01
   4.8500000E+00   3.7413374E+00   3.5429022E+00   1.6266167E-01
   4.9000000E+00   3.7913374E+00   3.5484108E+00   5.8055223E-02
   4.9500000E+00   3.8413374E+00   3.5487485E+00  -4.4105975E-02
   5.0000000E+00   3.8913374E+00   3.5440472E+00  -1.4344321E-01
   5.0500000E+00   3.9413374E+00   3.5344569E+00  -2.3961505E-01
   5.1000000E+00   3.9913374E+00   3.5201435E+00  -3.3231771E-01
   5.1500000E+00   4.0413374E+00   3.5012873E+00  -4.2128510E-01
   5.2000000E+00   4.0913374E+00   3.4780810E+00  -5.0628837E-01
   5.2500000E+00   4.1413374E+00   3.4507277E+00  -5.8713524E-01
   5.3000000E+00   4.1913374E+00   3.4194393E+00  -6.6366897E-01
   5.3500000E+00   4.2413374E+00   3.3844347E+00  -7.3576712E-01
   5.4000000E+00   4.2913374E+00   3.3459379E+00  -8.0334005E-01
   5.4500000E+00   4.3413374E+00   3.3041770E+00  -8.6632926E-01
   5.5000000E+00   4.3913374E+00   3.2593818E+00  -9.2470559E-01
   5.5500000E+00   4.4413374E+00   3.2117833E+00  -9.7846730E-01
   5.6000000E+00   4.4913374E+00   3.1616116E+00  -1.0276381E+00
   5.6500000E+00   4.5413374E+00   3.1090952E+00  -1.0722649E+00
   5.7000000E+00   4.5913374E+00   3.0544596E+00  -1.1124162E+00
   5.7500000E+00   4.6413374E+00   2.9979266E+00  -1.1481794E+00
   5.8000000E+00   4.6913374E+00   2.9397130E+00  -1.1796591E+00
   5.8500000E+00   4.7413374E+00   2.8800300E+00  -1.2069752E+00
   5.9000000E+00   4.7913374E+00   2.8190826E+00  -1.2302606E+00
   5.9500000E+00   4.8413374E+00   2.7570687E+00  -1.2496594E+00
   6.0000000E+00   4.8913374E+00   2.6941788E+00  -1.2653253E+00
   6.0500000E+00   4.9413374E+00   2.6305956E+00  -1.2774194E+00
   6.1000000E+00   4.9913374E+00   2.5664935E+00  -1.2861093E+00
   6.1500000E+00   5.0413374E+00   2.5020385E+00  -1.2915666E+00
   6.2000000E+00   5.0913374E+00   2.4373878E+00  -1.2939665E+00
   6.2500000E+00   5.1413374E+00   2.3726898E+00  -1.2934856E+00
   6.3000000E+00   5.1913374E+00   2.3080842E+00  -1.2903014E+00
   6.3500000E+00   5.2413374E+00   2.2437017E+00  -1.2845907E+00
   6.4000000E+00   5.2913374E+00   2.1796643E+00  -1.2765288E+00
   6.4500000E+00   5.3413374E+00   2.1160851E+00  -1.2662885E+00
   6.5000000E+00   5.3913374E+00   2.0530689E+00  -1.2540397E+00
   6.5500000E+00   5.4413374E+00   1.9907118E+00  -1.2399482E+00
   6.6000000E+00   5.4913374E+00   1.9291020E+00  -1.2241753E+00
   6.6500000E+00   5.5413374E+00   1.8683197E+00  -1.2068775E+00
   6.7000000E+00   5.5913374E+00   1.8084371E+00  -1.1882057E+00
   6.7500000E+00   5.6413374E+00   1.7495195E+00  -1.1683052E+00
   6.8000000E+00   5.6913374E+00   1.6916248E+00  -1.1473151E+00
   6.8500000E+00   5.7413374E+00   1.6348039E+00  -1.1253684E+00
   6.9000000E+00   5.7913374E+00   1.5791017E+00  -1.1025916E+00
   6.9500000E+00   5.8413374E+00   1.5245566E+00  -1.0791047E+00
   7.0000000E+00   5.8913374E+00   1.4712012E+00  -1.0550214E+00
   7.0500000E+00   5.9413374E+00   1.4190626E+00  -1.0304486E+00
   7.1000000E+00   5.9913374E+00   1.3681628E+00  -1.0054867E+00
   7.1500000E+00   6.0413374E+00   1.3185188E+00  -9.8023002E-01
   7.2000000E+00   6.0913374E+00   1.2701432E+00  -9.5476622E-01
   7.2500000E+00   6.1413374E+00   1.2230442E+00  -9.2917698E-01
   7.3000000E+00   6.1913374E+00   1.1772263E+00  -9.0353795E-01
   7.3500000E+00   6.2413374E+00   1.1326901E+00  -8.7791895E-01
   7.4000000E+00   6.2913374E+00   1.0894330E+00  -8.5238419E-01
   7.4500000E+00   6.3413374E+00   1.0474493E+00  -8.2699243E-01
   7.5000000E+00   6.3913374E+00   1.0067304E+00  -8.0179727E-01
   7.5500000E+00   6.4413374E+00   9.6726543E-01  -7.7684733E-01
   7.6000000E+00   6.4913374E+00   9.2904087E-01  -7.5218646E-01
   7.6500000E+00   6.5413374E+00   8.9204130E-01  -7.2785405E-01
   7.7000000E+00   6.5913374E+00   8.5624940E-01  -7.0388517E-01
   7.7500000E+00   6.6413374E+00   8.2164620E-01  -6.8031090E-01
   7.8000000E+00   6.6913374E+00   7.8821127E-01  -6.5715849E-01
   7.8500000E+00   6.7413374E+00   7.5592291E-01  -6.3445163E-01
   7.9000000E+00   6.7913374E+00   7.2475833E-01  -6.1221065E-01
   7.9500000E+00   6.8413374E+00   6.9469378E-01  -5.9045276E-01
   8.0000000E+00   6.8913374E+00   6.6570475E-01  -5.6919226E-01
   8.0500000E+00   6.9413374E+00   6.3776607E-01  -5.4844075E-01
   8.1000000E+00   6.9913374E+00   6.1085204E-01  -5.2820730E-01
   8.1500000E+00   7.0413374E+00   5.8493658E-01  -5.0849868E-01
   8.2000000E+00   7.0913374E+00   5.5999334E-01  -4.8931955E-01
   8.2500000E+00   7.1413374E+00   5.3599575E-01  -4.7067259E-01
   8.3000000E+00   7.1913374E+00   5.1291719E-01  -4.5255870E-01
   8.3500000E+00   7.2413374E+00   4.9073101E-01  -4.3497717E-01
   8.4000000E+00   7.2913374E+00   4.6941063E-01  -4.1792579E-01
   8.4500000E+00   7.3413374E+00   4.4892965E-01  -4.0140105E-01
   8.5000000E+00   7.3913374E+00   4.2926183E-01  -3.8539821E-01
   8.5500000E+00   7.4413374E+00   4.1038122E-01  -3.6991149E-01
   8.6000000E+00   7.4913374E+00   3.9226219E-01  -3.5493413E-01
   8.6500000E+00   7.5413374E+00   3.7487944E-01  -3.4045855E-01
   8.7000000E+00   7.5913374E+00   3.5820811E-01  -3.2647643E-01
   8.7500000E+00   7.6413374E+00   3.4222372E-01  -3.1297879E-01
   8.8000000E+00   7.6913374E+00   3.2690231E-01  -2.9995612E-01
   8.8500000E+00   7.7413374E+00   3.1222036E-01  -2.8739844E-01
   8.9000000E+00   7.7913374E+00   2.9815489E-01  -2.7529537E-01
   8.9500000E+00   7.8413374E+00   2.8468342E-01  -2.6363621E-01
   9.0000000E+00   7.8913374E+00   2.7178405E-01  -2.5241001E-01
   9.0500000E+00   7.9413374E+00   2.5943539E-01  -2.4160562E-01
   9.1000000E+00   7.9913374E+00   2.4761664E-01  -2.3121174E-01
   9.1500000E+00   8.0413374E+00   2.3630756E-01  -2.2121699E-01
   9.2000000E+00   8.0913374E+00   2.2548848E-01  -2.1160994E-01
   9.2500000E+00   8.1413374E+00   2.1514030E-01  -2.0237913E-01
   9.3000000E+00   8.1913374E+00   2.0524449E-01  -1.9351317E-01
   9.3500000E+00   8.2413374E+00   1.9578309E-01  -1.8500071E-01
   9.4000000E+00   8.2913374E+00   1.8673871E-01  -1.7683048E-01
   9.4500000E+00   8.3413374E+00   1.7809452E-01  -1.6899134E-01
   9.5000000E+00   8.3913374E+00   1.6983424E-01  -1.6147230E-01
   9.5500000E+00   8.4413374E+00   1.6194214E-01  -1.5426252E-01
   9.6000000E+00   8.4913374E+00   1.5440302E-01  -1.4735133E-01
   9.6500000E+00   8.5413374E+00   1.4720220E-01  -1.4072828E-01
   9.7000000E+00   8.5913374E+00   1.4032556E-01  -1.3438311E-01
   9.7500000E+00   8.6413374E+00   1.3375943E-01  -1.2830577E-01
   9.8000000E+00   8.6913374E+00   1.2749068E-01  -1.2248644E-01
   9.8500000E+00   8.7413374E+00   1.2150664E-01  -1.1691557E-01
   9.9000000E+00   8.7913374E+00   1.1579514E-01  -1.1158379E-01
   9.9500000E+00   8.8413374E+00   1.1034443E-01  -1.0648203E-01
   1.0000000E+01   8.8913374E+00   1.0514325E-01  -1.0160143E-01
   0.0000000E+00  -6.9314718E-01   0.0000000E+00   1.0000000E+00
   5.0000000E-02  -6.4314718E-01   3.9538519E-02   4.9850926E-01
   1.0000000E-01  -5.9314718E-01   4.6426885E-02  -1.9959867E-01
   1.5000000E-01  -5.4314718E-01   2.4933669E-02  -5.9435426E-01
   2.0000000E-01  -4.9314718E-01  -6.2302609E-03  -5.9929891E-01
   2.5000000E-01  -4.4314718E-01  -3.0970420E-02  -3.6894971E-01
   3.0000000E-01  -3.9314718E-01  -4.2307822E-02  -8.8199456E-02
   3.5000000E-01  -3.4314718E-01  -4.0902724E-02   1.2944893E-01
   4.0000000E-01  -2.9314718E-01  -3.1038022E-02   2.4945331E-01
   4.5000000E-01  -2.4314718E-01  -1.7379754E-02   2.8548403E-01
   5.0000000E-01  -1.9314718E-01  -3.3825221E-03   2.6821489E-01
   5.5000000E-01  -1.4314718E-01   9.0406756E-03   2.2664899E-01
   6.0000000E-01  -9.3147181E-02   1.9221493E-02   1.8109067E-01
   6.5000000E-01  -4.3147181E-02   2.7276910E-02   1.4289883E-01
   7.0000000E-01   6.8528194E-03   3.3716652E-02   1.1687681E-01
   7.5000000E-01   5.6852819E-02   3.9183870E-02   1.0396019E-01
   8.0000000E-01   1.0685282E-01   4.4316513E-02   1.0328188E-01
   8.5000000E-01   1.5685282E-01   4.9692525E-02   1.1346811E-01
   9.0000000E-01   2.0685282E-01   5.5823714E-02   1.3332350E-01
   9.5000000E-01   2.5685282E-01   6.3173165E-02   1.6212105E-01
   1.0000000E+00   3.0685282E-01   7.2181062E-02   1.9967284E-01
   1.0500000E+00   3.5685282E-01   8.3291102E-02   2.4629765E-01
   1.1000000E+00   4.0685282E-01   9.6974166E-02   3.0275135E-01
   1.1500000E+00   4.5685282E-01   1.1374830E-01   3.7015266E-01
   1.2000000E+00   5.0685282E-01   1.3419514E-01   4.4991666E-01
   1.2500000E+00   5.5685282E-01   1.5897331E-01   5.4369876E-01
   1.3000000E+00   6.0685282E-01   1.8882922E-01   6.5334706E-01
   1.3500000E+00   6.5685282E-01   2.2460559E-01   7.8085965E-01
   1.4000000E+00   7.0685282E-01   2.6724795E-01   9.2834373E-01
   1.4500000E+00   7.5685282E-01   3.1780906E-01   1.0979737E+00
   1.5000000E+00   8.0685282E-01   3.7745114E-01   1.2919467E+00
   1.5500000E+00   8.5685282E-01   4.4744585E-01   1.5124341E+00
   1.6000000E+00   9.0685282E-01   5.2917170E-01   1.7615292E+00
   1.6500000E+00   9.5685282E-01   6.2410874E-01   2.0411915E+00
   1.7000000E+00   1.0068528E+00   7.3383043E-01   2.3531873E+00
   1.7500000E+00   1.0568528E+00   8.5999245E-01   2.6990295E+00
   1.8000000E+00   1.1068528E+00   1.0043185E+00   3.0799164E+00
   1.8500000E+00   1.1568528E+00   1.1685832E+00   3.4966726E+00
   1.9000000E+00   1.2068528E+00   1.3545917E+00   3.9496922E+00
   1.9500000E+00   1.2568528E+00   1.5641571E+00   4.4388885E+00
   2.0000000E+00   1.3068528E+00   1.7990752E+00   4.9636492E+00
   2.0500000E+00   1.3568528E+00   2.0610973E+00   5.5228006E+00
   2.1000000E+00   1.4068528E+00   2.3519015E+00   6.1145823E+00
   2.1500000E+00   1.4568528E+00   2.6730626E+00   6.7366323E+00
   2.2000000E+00   1.5068528E+00   3.0260225E+00   7.3859845E+00
   2.2500000E+00   1.5568528E+00   3.4120596E+00   8.0590790E+00
   2.3000000E+00   1.6068528E+00   3.8322603E+00   8.7517853E+00
   2.3500000E+00   1.6568528E+00   4.2874905E+00   9.4594375E+00
   2.4000000E+00   1.7068528E+00   4.7783705E+00   1.0176883E+01
   2.4500000E+00   1.7568528E+00   5.3052523E+00   1.0898539E+01
   2.5000000E+00   1.8068528E+00   5.8681990E+00   1.1618466E+01
   2.5500000E+00   1.8568528E+00   6.4669698E+00   1.2330442E+01
   2.6000000E+00   1.9068528E+00   7.1010071E+00   1.3028046E+01
   2.6500000E+00   1.9568528E+00   7.7694296E+00   1.3704753E+01
   2.7000000E+00   2.0068528E+00   8.4710285E+00   1.4354020E+01
   2.7500000E+00   2.0568528E+00   9.2042699E+00   1.4969384E+01
   2.8000000E+00   2.1068528E+00   9.9673003E+00   1.5544553E+01
   2.8500000E+00   2.1568528E+00   1.0757958E+01   1.6073495E+01
   2.9000000E+00   2.2068528E+00   1.1573788E+01   1.6550526E+01
   2.9500000E+00   2.2568528E+00   1.2412061E+01   1.6970386E+01
   3.0000000E+00   2.3068528E+00   1.3269797E+01   1.7328311E+01
   3.0500000E+00   2.3568528E+00   1.4143792E+01   1.7620098E+01
   3.1000000E+00   2.4068528E+00   1.5030647E+01   1.7842151E+01
   3.1500000E+00   2.4568528E+00   1.5926798E+01   1.7991531E+01
   3.2000000E+00   2.5068528E+00   1.6828553E+01   1.8065980E+01
   3.2500000E+00   2.5568528E+00   1.7732124E+01   1.8063946E+01
   3.3000000E+00   2.6068528E+00   1.8633661E+01   1.7984588E+01
   3.3500000E+00   2.6568528E+00   1.9529293E+01   1.7827777E+01
   3.4000000E+00   2.7068528E+00   2.0415159E+01   1.7594082E+01
   3.4500000E+00   2.7568528E+00   2.1287442E+01   1.7284748E+01
   3.5000000E+00   2.8068528E+00   2.2142406E+01   1.6901668E+01
   3.5500000E+00   2.8568528E+00   2.2976423E+01   1.6447342E+01
   3.6000000E+00   2.9068528E+00   2.3786005E+01   1.5924833E+01
   3.6500000E+00   2.9568528E+00   2.4567830E+01   1.5337716E+01
   3.7000000E+00   3.0068528E+00   2.5318768E+01   1.4690026E+01
   3.7500000E+00   3.0568528E+00   2.6035898E+01   1.3986193E+01
   3.8000000E+00   3.1068528E+00   2.6716532E+01   1.3230989E+01
   3.8500000E+00   3.1568528E+00   2.7358225E+01   1.2429459E+01
   3.9000000E+00   3.2068528E+00   2.7958794E+01   1.1586865E+01
   3.9500000E+00   3.2568528E+00   2.8516318E+01   1.0708618E+01
   4.0000000E+00   3.3068528E+00   2.9029153E+01   9.8002258E+00
   4.0500000E+00   3.3568528E+00   2.9495931E+01   8.8672291E+00
   4.1000000E+00   3.4068528E+00   2.9915558E+01   7.9151508E+00
   4.1500000E+00   3.4568528E+00   3.0287219E+01   6.9494434E+00
   4.2000000E+00   3.5068528E+00   3.0610365E+01   5.9754431E+00
   4.2500000E+00   3.5568528E+00   3.0884711E+01   4.9983266E+00
   4.3000000E+00   3.6068528E+00   3.1110228E+01   4.0230734E+00
   4.3500000E+00   3.6568528E+00   3.1287129E+01   3.0544325E+00
   4.4000000E+00   3.7068528E+00   3.1415856E+01   2.0968940E+00
   4.4500000E+00   3.7568528E+00   3.1497073E+01   1.1546650E+00
   4.5000000E+00   3.8068528E+00   3.1531643E+01   2.3165087E-01
   4.5500000E+00   3.8568528E+00   3.1520618E+01  -6.6855925E-01
   4.6000000E+00   3.9068528E+00   3.1465221E+01  -1.5427029E+00
   4.6500000E+00   3.9568528E+00   3.1366831E+01  -2.3878502E+00
   4.7000000E+00   4.0068528E+00   3.1226962E+01  -3.2014063E+00
   4.7500000E+00   4.0568528E+00   3.1047254E+01  -3.9811103E+00
   4.8000000E+00   4.1068528E+00   3.0829447E+01  -4.7250305E+00
   4.8500000E+00   4.1568528E+00   3.0575373E+01  -5.4315578E+00
   4.9000000E+00   4.2068528E+00   3.0286936E+01  -6.0993955E+00
   4.9500000E+00   4.2568528E+00   2.9966095E+01  -6.7275476E+00
   5.0000000E+00   4.3068528E+00   2.9614854E+01  -7.3153052E+00
   5.0500000E+00   4.3568528E+00   2.9235244E+01  -7.8622312E+00
   5.1000000E+00   4.4068528E+00   2.8829314E+01  -8.3681441E+00
   5.1500000E+00   4.4568528E+00   2.8399112E+01  -8.8331004E+00
   5.2000000E+00   4.5068528E+00   2.7946681E+01  -9.2573768E+00
   5.2500000E+00   4.5568528E+00   2.7474044E+01  -9.6414517E+00
   5.3000000E+00   4.6068528E+00   2.6983194E+01  -9.9859871E+00
   5.3500000E+00   4.6568528E+00   2.6476090E+01  -1.0291810E+01
   5.4000000E+00   4.7068528E+00   2.5954642E+01  -1.0559893E+01
   5.4500000E+00   4.7568528E+00   2.5420711E+01  -1.0791339E+01
   5.5000000E+00   4.8068528E+00   2.4876098E+01  -1.0987362E+01
   5.5500000E+00   4.8568528E+00   2.4322542E+01  -1.1149270E+01
   5.6000000E+00   4.9068528E+00   2.3761716E+01  -1.1278450E+01
   5.6500000E+00   4.9568528E+00   2.3195218E+01  -1.1376353E+01
   5.7000000E+00   5.0068528E+00   2.2624576E+01  -1.1444481E+01
   5.7500000E+00   5.0568528E+00   2.2051240E+01  -1.1484371E+01
   5.8000000E+00   5.1068528E+00   2.1476583E+01  -1.1497582E+01
   5.8500000E+00   5.1568528E+00   2.0901900E+01  -1.1485688E+01
   5.9000000E+00   5.2068528E+00   2.0328406E+01  -1.1450265E+01
   5.9500000E+00   5.2568528E+00   1.9757239E+01  -1.1392880E+01
   6.0000000E+00   5.3068528E+00   1.9189458E+01  -1.1315085E+01
   6.0500000E+00   5.3568528E+00   1.8626045E+01  -1.1218408E+01
   6.1000000E+00   5.4068528E+00   1.8067907E+01  -1.1104348E+01
   6.1500000E+00   5.4568528E+00   1.7515875E+01  -1.0974365E+01
   6.2000000E+00   5.5068528E+00   1.6970711E+01  -1.0829880E+01
   6.2500000E+00   5.5568528E+00   1.6433106E+01  -1.0672268E+01
   6.3000000E+00   5.6068528E+00   1.5903681E+01  -1.0502856E+01
   6.3500000E+00   5.6568528E+00   1.5382995E+01  -1.0322916E+01
   6.4000000E+00   5.7068528E+00   1.4871544E+01  -1.0133668E+01
   6.4500000E+00   5.7568528E+00   1.4369764E+01  -9.9362766E+00
   6.5000000E+00   5.8068528E+00   1.3878033E+01  -9.7318472E+00
   6.5500000E+00   5.8568528E+00   1.3396679E+01  -9.5214288E+00
   6.6000000E+00   5.9068528E+00   1.2925974E+01  -9.3060119E+00
   6.6500000E+00   5.9568528E+00   1.2466145E+01  -9.0865293E+00
   6.7000000E+00   6.0068528E+00   1.2017374E+01  -8.8638562E+00
   6.7500000E+00   6.0568528E+00   1.1579799E+01  -8.6388112E+00
   6.8000000E+00   6.1068528E+00   1.1153519E+01  -8.4121572E+00
   6.8500000E+00   6.1568528E+00   1.0738598E+01  -8.1846029E+00
   6.9000000E+00   6.2068528E+00   1.0335063E+01  -7.9568042E+00
   6.9500000E+00   6.2568528E+00   9.9429111E+00  -7.7293657E+00
   7.0000000E+00   6.3068528E+00   9.5621107E+00  -7.5028427E+00
   7.0500000E+00   6.3568528E+00   9.1926029E+00  -7.2777429E+00
   7.1000000E+00   6.4068528E+00   8.8343049E+00  -7.0545284E+00
   7.1500000E+00   6.4568528E+00   8.4871116E+00  -6.8336179E+00
   7.2000000E+00   6.5068528E+00   8.1508983E+00  -6.6153884E+00
   7.2500000E+00   6.5568528E+00   7.8255223E+00  -6.4001777E+00
   7.3000000E+00   6.6068528E+00   7.5108251E+00  -6.1882863E+00
   7.3500000E+00   6.6568528E+00   7.2066338E+00  -5.9799794E+00
   7.4000000E+00   6.7068528E+00   6.9127634E+00  -5.7754891E+00
   7.4500000E+00   6.7568528E+00   6.6290179E+00  -5.5750165E+00
   7.5000000E+00   6.8068528E+00   6.3551919E+00  -5.3787333E+00
   7.5500000E+00   6.8568528E+00   6.0910722E+00  -5.1867842E+00
   7.6000000E+00   6.9068528E+00   5.8364391E+00  -4.9992886E+00
   7.6500000E+00   6.9568528E+00   5.5910675E+00  -4.8163425E+00
   7.7000000E+00   7.0068528E+00   5.3547278E+00  -4.6380198E+00
   7.7500000E+00   7.0568528E+00   5.1271875E+00  -4.4643749E+00
   7.8000000E+00   7.1068528E+00   4.9082117E+00  -4.2954433E+00
   7.8500000E+00   7.1568528E+00   4.6975642E+00  -4.1312439E+00
   7.9000000E+00   7.2068528E+00   4.4950083E+00  -3.9717801E+00
   7.9500000E+00   7.2568528E+00   4.3003074E+00  -3.8170413E+00
   8.0000000E+00   7.3068528E+00   4.1132258E+00  -3.6670041E+00
   8.0500000E+00   7.3568528E+00   3.9335292E+00  -3.5216339E+00
   8.1000000E+00   7.4068528E+00   3.7609854E+00  -3.3808856E+00
   8.1500000E+00   7.4568528E+00   3.5953645E+00  -3.2447049E+00
   8.2000000E+00   7.5068528E+00   3.4364398E+00  -3.1130295E+00
   8.2500000E+00   7.5568528E+00   3.2839876E+00  -2.9857899E+00
   8.3000000E+00   7.6068528E+00   3.1377881E+00  -2.8629102E+00
   8.3500000E+00   7.6568528E+00   2.9976252E+00  -2.7443092E+00
   8.4000000E+00   7.7068528E+00   2.8632873E+00  -2.6299009E+00
   8.4500000E+00   7.7568528E+00   2.7345668E+00  -2.5195956E+00
   8.5000000E+00   7.8068528E+00   2.6112609E+00  -2.4133000E+00
   8.5500000E+00   7.8568528E+00   2.4931715E+00  -2.3109184E+00
   8.6000000E+00   7.9068528E+00   2.3801054E+00  -2.2123528E+00
   8.6500000E+00   7.9568528E+00   2.2718743E+00  -2.1175037E+00
   8.7000000E+00   8.0068528E+00   2.1682948E+00  -2.0262706E+00
   8.7500000E+00   8.0568528E+00   2.0691886E+00  -1.9385520E+00
   8.8000000E+00   8.1068528E+00   1.9743827E+00  -1.8542463E+00
   8.8500000E+00   8.1568528E+00   1.8837088E+00  -1.7732519E+00
   8.9000000E+00   8.2068528E+00   1.7970040E+00  -1.6954676E+00
   8.9500000E+00   8.2568528E+00   1.7141102E+00  -1.6207928E+00
   9.0000000E+00   8.3068528E+00   1.6348746E+00  -1.5491278E+00
   9.0500000E+00   8.3568528E+00   1.5591489E+00  -1.4803739E+00
   9.1000000E+00   8.4068528E+00   1.4867903E+00  -1.4144338E+00
   9.1500000E+00   8.4568528E+00   1.4176603E+00  -1.3512118E+00
   9.2000000E+00   8.5068528E+00   1.3516254E+00  -1.2906136E+00
   9.2500000E+00   8.5568528E+00   1.2885567E+00  -1.2325469E+00
   9.3000000E+00   8.6068528E+00   1.2283300E+00  -1.1769210E+00
   9.3500000E+00   8.6568528E+00   1.1708254E+00  -1.1236475E+00
   9.4000000E+00   8.7068528E+00   1.1159275E+00  -1.0726397E+00
   9.4500000E+00   8.7568528E+00   1.0635251E+00  -1.0238132E+00
   9.5000000E+00   8.8068528E+00   1.0135112E+00  -9.7708572E-01
   9.5500000E+00   8.8568528E+00   9.6578287E-01  -9.3237716E-01
   9.6000000E+00   8.9068528E+00   9.2024113E-01  -8.8960961E-01
   9.6500000E+00   8.9568528E+00   8.7679082E-01  -8.4870740E-01
   9.7000000E+00   9.0068528E+00   8.3534052E-01  -8.0959710E-01
   9.7500000E+00   9.0568528E+00   7.9580243E-01  -7.7220750E-01
   9.8000000E+00   9.1068528E+00   7.5809225E-01  -7.3646962E-01
   9.8500000E+00   9.1568528E+00   7.2212906E-01  -7.0231668E-01
   9.9000000E+00   9.2068528E+00   6.8783524E-01  -6.6968409E-01
   9.9500000E+00   9.2568528E+00   6.5513635E-01  -6.3850939E-01
   1.0000000E+01   9.3068528E+00   6.2396101E-01  -6.0873230E-01
   0.0000000E+00  -4.0047757E-01   0.0000000E+00   1.0000000E+00
   5.0000000E-02  -3.5047757E-01   4.4351502E-02   7.4598460E-01
   1.0000000E-01  -3.0047757E-01   7.3210962E-02   4.0705180E-01
   1.5000000E-01  -2.5047757E-01   8.5771314E-02   1.0778536E-01
   2.0000000E-01  -2.0047757E-01   8.5533596E-02  -1.0135819E-01
   2.5000000E-01  -1.5047757E-01   7.7189338E-02  -2.1860012E-01
   3.0000000E-01  -1.0047757E-01   6.4870612E-02  -2.6443452E-01
   3.5000000E-01  -5.0477567E-02   5.1514232E-02  -2.6409687E-01
   4.0000000E-01  -4.7756660E-04   3.8869018E-02  -2.3903720E-01
   4.5000000E-01   4.9522433E-02   2.7766823E-02  -2.0436826E-01
   5.0000000E-01   9.9522433E-02   1.8435847E-02  -1.6931800E-01
   5.5000000E-01   1.4952243E-01   1.0759152E-02  -1.3873170E-01
   6.0000000E-01   1.9952243E-01   4.4541715E-03  -1.1462368E-01
   6.5000000E-01   2.4952243E-01  -8.1786261E-04  -9.7397639E-02
   7.0000000E-01   2.9952243E-01  -5.3936242E-03  -8.6674916E-02
   7.5000000E-01   3.4952243E-01  -9.5823032E-03  -8.1797415E-02
   8.0000000E-01   3.9952243E-01  -1.3659249E-02  -8.2101500E-02
   8.5000000E-01   4.4952243E-01  -1.7869382E-02  -8.7047006E-02
   9.0000000E-01   4.9952243E-01  -2.2434758E-02  -9.6262599E-02
   9.5000000E-01   5.4952243E-01  -2.7563171E-02  -1.0954721E-01
   1.0000000E+00   5.9952243E-01  -3.3456245E-02  -1.2685119E-01
   1.0500000E+00   6.4952243E-01  -4.0316371E-02  -1.4825008E-01
   1.1000000E+00   6.9952243E-01  -4.8352277E-02  -1.7391750E-01
   1.1500000E+00   7.4952243E-01  -5.7783291E-02  -2.0409965E-01
   1.2000000E+00   7.9952243E-01  -6.8842384E-02  -2.3909243E-01
   1.2500000E+00   8.4952243E-01  -8.1778130E-02  -2.7922090E-01
   1.3000000E+00   8.9952243E-01  -9.6855700E-02  -3.2482073E-01
   1.3500000E+00   9.4952243E-01  -1.1435695E-01  -3.7622120E-01
   1.4000000E+00   9.9952243E-01  -1.3457973E-01  -4.3372931E-01
   1.4500000E+00   1.0495224E+00  -1.5783633E-01  -4.9761495E-01
   1.5000000E+00   1.0995224E+00  -1.8445135E-01  -5.6809689E-01
   1.5500000E+00   1.1495224E+00  -2.1475876E-01  -6.4532975E-01
   1.6000000E+00   1.1995224E+00  -2.4909842E-01  -7.2939203E-01
   1.6500000E+00   1.2495224E+00  -2.8781196E-01  -8.2027542E-01
   1.7000000E+00   1.2995224E+00  -3.3123826E-01  -9.1787565E-01
   1.7500000E+00   1.3495224E+00  -3.7970841E-01  -1.0219850E+00
   1.8000000E+00   1.3995224E+00  -4.3354041E-01  -1.1322869E+00
   1.8500000E+00   1.4495224E+00  -4.9303364E-01  -1.2483527E+00
   1.9000000E+00   1.4995224E+00  -5.5846323E-01  -1.3696404E+00
   1.9500000E+00   1.5495224E+00  -6.3007437E-01  -1.4954965E+00
   2.0000000E+00   1.5995224E+00  -7.0807690E-01  -1.6251596E+00
   2.0500000E+00   1.6495224E+00  -7.9264000E-01  -1.7577669E+00
   2.1000000E+00   1.6995224E+00  -8.8388734E-01  -1.8923624E+00
   2.1500000E+00   1.7495224E+00  -9.8189270E-01  -2.0279082E+00
   2.2000000E+00   1.7995224E+00  -1.0866762E+00  -2.1632970E+00
   2.2500000E+00   1.8495224E+00  -1.1982011E+00  -2.2973663E+00
   2.3000000E+00   1.8995224E+00  -1.3163714E+00  -2.4289143E+00
   2.3500000E+00   1.9495224E+00  -1.4410307E+00  -2.5567162E+00
   2.4000000E+00   1.9995224E+00  -1.5719608E+00  -2.6795423E+00
   2.4500000E+00   2.0495224E+00  -1.7088823E+00  -2.7961747E+00
   2.5000000E+00   2.0995224E+00  -1.8514558E+00  -2.9054253E+00
   2.5500000E+00   2.1495224E+00  -1.9992834E+00  -3.0061528E+00
   2.6000000E+00   2.1995224E+00  -2.1519117E+00  -3.0972783E+00
   2.6500000E+00   2.2495224E+00  -2.3088351E+00  -3.1778012E+00
   2.7000000E+00   2.2995224E+00  -2.4695004E+00  -3.2468117E+00
   2.7500000E+00   2.3495224E+00  -2.6333115E+00  -3.3035039E+00
   2.8000000E+00   2.3995224E+00  -2.7996345E+00  -3.3471851E+00
   2.8500000E+00   2.4495224E+00  -2.9678041E+00  -3.3772844E+00
   2.9000000E+00   2.4995224E+00  -3.1371296E+00  -3.3933585E+00
   2.9500000E+00   2.5495224E+00  -3.3069014E+00  -3.3950962E+00
   3.0000000E+00   2.5995224E+00  -3.4763977E+00  -3.3823200E+00
   3.0500000E+00   2.6495224E+00  -3.6448911E+00  -3.3549859E+00
   3.1000000E+00   2.6995224E+00  -3.8116554E+00  -3.3131818E+00
   3.1500000E+00   2.7495224E+00  -3.9759720E+00  -3.2571236E+00
   3.2000000E+00   2.7995224E+00  -4.1371361E+00  -3.1871493E+00
   3.2500000E+00   2.8495224E+00  -4.2944628E+00  -3.1037125E+00
   3.3000000E+00   2.8995224E+00  -4.4472925E+00  -3.0073738E+00
   3.3500000E+00   2.9495224E+00  -4.5949963E+00  -2.8987915E+00
   3.4000000E+00   2.9995224E+00  -4.7369802E+00  -2.7787116E+00
   3.4500000E+00   3.0495224E+00  -4.8726897E+00  -2.6479565E+00
   3.5000000E+00   3.0995224E+00  -5.0016129E+00  -2.5074140E+00
   3.5500000E+00   3.1495224E+00  -5.1232837E+00  -2.3580253E+00
   3.6000000E+00   3.1995224E+00  -5.2372844E+00  -2.2007738E+00
   3.6500000E+00   3.2495224E+00  -5.3432470E+00  -2.0366729E+00
   3.7000000E+00   3.2995224E+00  -5.4408548E+00  -1.8667555E+00
   3.7500000E+00   3.3495224E+00  -5.5298430E+00  -1.6920623E+00
   3.8000000E+00   3.3995224E+00  -5.6099988E+00  -1.5136322E+00
   3.8500000E+00   3.4495224E+00  -5.6811611E+00  -1.3324923E+00
   3.9000000E+00   3.4995224E+00  -5.7432197E+00  -1.1496488E+00
   3.9500000E+00   3.5495224E+00  -5.7961139E+00  -9.6607944E-01
   4.0000000E+00   3.5995224E+00  -5.8398312E+00  -7.8272555E-01
   4.0500000E+00   3.6495224E+00  -5.8744050E+00  -6.0048619E-01
   4.1000000E+00   3.6995224E+00  -5.8999126E+00  -4.2021245E-01
   4.1500000E+00   3.7495224E+00  -5.9164723E+00  -2.4270286E-01
   4.2000000E+00   3.7995224E+00  -5.9242412E+00  -6.8699761E-02
   4.2500000E+00   3.8495224E+00  -5.9234120E+00   1.0111364E-01
   4.3000000E+00   3.8995224E+00  -5.9142100E+00   2.6611525E-01
   4.3500000E+00   3.9495224E+00  -5.8968900E+00   4.2574536E-01
   4.4000000E+00   3.9995224E+00  -5.8717332E+00   5.7950717E-01
   4.4500000E+00   4.0495224E+00  -5.8390442E+00   7.2696670E-01
   4.5000000E+00   4.0995224E+00  -5.7991477E+00   8.6775202E-01
   4.5500000E+00   4.1495224E+00  -5.7523854E+00   1.0015520E+00
   4.6000000E+00   4.1995224E+00  -5.6991130E+00   1.1281144E+00
   4.6500000E+00   4.2495224E+00  -5.6396977E+00   1.2472442E+00
   4.7000000E+00   4.2995224E+00  -5.5745148E+00   1.3588002E+00
   4.7500000E+00   4.3495224E+00  -5.5039453E+00   1.4626932E+00
   4.8000000E+00   4.3995224E+00  -5.4283738E+00   1.5588821E+00
   4.8500000E+00   4.4495224E+00  -5.3481853E+00   1.6473712E+00
   4.9000000E+00   4.4995224E+00  -5.2637641E+00   1.7282066E+00
   4.9500000E+00   4.5495224E+00  -5.1754907E+00   1.8014730E+00
   5.0000000E+00   4.5995224E+00  -5.0837409E+00   1.8672898E+00
   5.0500000E+00   4.6495224E+00  -4.9888833E+00   1.9258081E+00
   5.1000000E+00   4.6995224E+00  -4.8912786E+00   1.9772069E+00
   5.1500000E+00   4.7495224E+00  -4.7912778E+00   2.0216900E+00
   5.2000000E+00   4.7995224E+00  -4.6892210E+00   2.0594826E+00
   5.2500000E+00   4.8495224E+00  -4.5854369E+00   2.0908281E+00
   5.3000000E+00   4.8995224E+00  -4.4802412E+00   2.1159852E+00
   5.3500000E+00   4.9495224E+00  -4.3739369E+00   2.1352250E+00
   5.4000000E+00   4.9995224E+00  -4.2668126E+00   2.1488282E+00
   5.4500000E+00   5.0495224E+00  -4.1591431E+00   2.1570829E+00
   5.5000000E+00   5.0995224E+00  -4.0511885E+00   2.1602816E+00
   5.5500000E+00   5.1495224E+00  -3.9431942E+00   2.1587199E+00
   5.6000000E+00   5.1995224E+00  -3.8353908E+00   2.1526937E+00
   5.6500000E+00   5.2495224E+00  -3.7279942E+00   2.1424980E+00
   5.7000000E+00   5.2995224E+00  -3.6212056E+00   2.1284248E+00
   5.7500000E+00   5.3495224E+00  -3.5152115E+00   2.1107621E+00
   5.8000000E+00   5.3995224E+00  -3.4101844E+00   2.0897921E+00
   5.8500000E+00   5.4495224E+00  -3.3062827E+00   2.0657907E+00
   5.9000000E+00   5.4995224E+00  -3.2036513E+00   2.0390258E+00
   5.9500000E+00   5.5495224E+00  -3.1024218E+00   2.0097571E+00
   6.0000000E+00   5.5995224E+00  -3.0027131E+00   1.9782351E+00
   6.0500000E+00   5.6495224E+00  -2.9046318E+00   1.9447006E+00
   6.1000000E+00   5.6995224E+00  -2.8082727E+00   1.9093843E+00
   6.1500000E+00   5.7495224E+00  -2.7137193E+00   1.8725064E+00
   6.2000000E+00   5.7995224E+00  -2.6210445E+00   1.8342763E+00
   6.2500000E+00   5.8495224E+00  -2.5303109E+00   1.7948927E+00
   6.3000000E+00   5.8995224E+00  -2.4415713E+00   1.7545433E+00
   6.3500000E+00   5.9495224E+00  -2.3548696E+00   1.7134050E+00
   6.4000000E+00   5.9995224E+00  -2.2702411E+00   1.6716437E+00
   6.4500000E+00   6.0495224E+00  -2.1877130E+00   1.6294149E+00
   6.5000000E+00   6.0995224E+00  -2.1073050E+00   1.5868634E+00
   6.5500000E+00   6.1495224E+00  -2.0290298E+00   1.5441238E+00
   6.6000000E+00   6.1995224E+00  -1.9528936E+00   1.5013209E+00
   6.6500000E+00   6.2495224E+00  -1.8788968E+00   1.4585696E+00
   6.7000000E+00   6.2995224E+00  -1.8070340E+00   1.4159755E+00
   6.7500000E+00   6.3495224E+00  -1.7372950E+00   1.3736355E+00
   6.8000000E+00   6.3995224E+00  -1.6696647E+00   1.3316374E+00
   6.8500000E+00   6.4495224E+00  -1.6041242E+00   1.2900613E+00
   6.9000000E+00   6.4995224E+00  -1.5406504E+00   1.2489789E+00
   6.9500000E+00   6.5495224E+00  -1.4792169E+00   1.2084550E+00
   7.0000000E+00   6.5995224E+00  -1.4197946E+00   1.1685468E+00
   7.0500000E+00   6.6495224E+00  -1.3623511E+00   1.1293053E+00
   7.1000000E+00   6.6995224E+00  -1.3068522E+00   1.0907749E+00
   7.1500000E+00   6.7495224E+00  -1.2532611E+00   1.0529942E+00
   7.2000000E+00   6.7995224E+00  -1.2015397E+00   1.0159962E+00
   7.2500000E+00   6.8495224E+00  -1.1516480E+00   9.7980894E-01
   7.3000000E+00   6.8995224E+00  -1.1035449E+00   9.4445547E-01
   7.3500000E+00   6.9495224E+00  -1.0571882E+00   9.0995442E-01
   7.4000000E+00   6.9995224E+00  -1.0125350E+00   8.7632033E-01
   7.4500000E+00   7.0495224E+00  -9.6954155E-01   8.4356387E-01
   7.5000000E+00   7.0995224E+00  -9.2816384E-01   8.1169226E-01
   7.5500000E+00   7.1495224E+00  -8.8835750E-01   7.8070948E-01
   7.6000000E+00   7.1995224E+00  -8.5007805E-01   7.5061657E-01
   7.6500000E+00   7.2495224E+00  -8.1328103E-01   7.2141191E-01
   7.7000000E+00   7.2995224E+00  -7.7792212E-01   6.9309145E-01
   7.7500000E+00   7.3495224E+00  -7.4395725E-01   6.6564898E-01
   7.8000000E+00   7.3995224E+00  -7.1134272E-01   6.3907628E-01
   7.8500000E+00   7.4495224E+00  -6.8003529E-01   6.1336342E-01
   7.9000000E+00   7.4995224E+00  -6.4999224E-01   5.8849889E-01
   7.9500000E+00   7.5495224E+00  -6.2117147E-01   5.6446982E-01
   8.0000000E+00   7.5995224E+00  -5.9353156E-01   5.4126211E-01
   8.0500000E+00   7.6495224E+00  -5.6703182E-01   5.1886065E-01
   8.1000000E+00   7.6995224E+00  -5.4163232E-01   4.9724940E-01
   8.1500000E+00   7.7495224E+00  -5.1729398E-01   4.7641159E-01
   8.2000000E+00   7.7995224E+00  -4.9397856E-01   4.5632979E-01
   8.2500000E+00   7.8495224E+00  -4.7164870E-01   4.3698607E-01
   8.3000000E+00   7.8995224E+00  -4.5026796E-01   4.1836209E-01
   8.3500000E+00   7.9495224E+00  -4.2980081E-01   4.0043918E-01
   8.4000000E+00   7.9995224E+00  -4.1021267E-01   3.8319846E-01
   8.4500000E+00   8.0495224E+00  -3.9146991E-01   3.6662091E-01
   8.5000000E+00   8.0995224E+00  -3.7353984E-01   3.5068744E-01
   8.5500000E+00   8.1495224E+00  -3.5639075E-01   3.3537894E-01
   8.6000000E+00   8.1995224E+00  -3.3999185E-01   3.2067639E-01
   8.6500000E+00   8.2495224E+00  -3.2431332E-01   3.0656085E-01
   8.7000000E+00   8.2995224E+00  -3.0932629E-01   2.9301356E-01
   8.7500000E+00   8.3495224E+00  -2.9500281E-01   2.8001597E-01
   8.8000000E+00   8.3995224E+00  -2.8131584E-01   2.6754976E-01
   8.8500000E+00   8.4495224E+00  -2.6823927E-01   2.5559687E-01
   8.9000000E+00   8.4995224E+00  -2.5574789E-01   2.4413956E-01
   8.9500000E+00   8.5495224E+00  -2.4381735E-01   2.3316043E-01
   9.0000000E+00   8.5995224E+00  -2.3242416E-01   2.2264240E-01
   9.0500000E+00   8.6495224E+00  -2.2154570E-01   2.1256877E-01
   9.1000000E+00   8.6995224E+00  -2.1116015E-01   2.0292322E-01
   9.1500000E+00   8.7495224E+00  -2.0124651E-01   1.9368983E-01
   9.2000000E+00   8.7995224E+00  -1.9178456E-01   1.8485308E-01
   9.2500000E+00   8.8495224E+00  -1.8275485E-01   1.7639786E-01
   9.3000000E+00   8.8995224E+00  -1.7413866E-01   1.6830946E-01
   9.3500000E+00   8.9495224E+00  -1.6591802E-01   1.6057361E-01
   9.4000000E+00   8.9995224E+00  -1.5807566E-01   1.5317645E-01
   9.4500000E+00   9.0495224E+00  -1.5059496E-01   1.4610453E-01
   9.5000000E+00   9.0995224E+00  -1.4346000E-01   1.3934484E-01
   9.5500000E+00   9.1495224E+00  -1.3665548E-01   1.3288477E-01
   9.6000000E+00   9.1995224E+00  -1.3016673E-01   1.2671211E-01
   9.6500000E+00   9.2495224E+00  -1.2397968E-01   1.2081509E-01
   9.7000000E+00   9.2995224E+00  -1.1808082E-01   1.1518230E-01
   9.7500000E+00   9.3495224E+00  -1.1245723E-01   1.0980276E-01
   9.8000000E+00   9.3995224E+00  -1.0709650E-01   1.0466585E-01
   9.8500000E+00   9.4495224E+00  -1.0198677E-01   9.9761342E-02
   9.9000000E+00   9.4995224E+00  -9.7116658E-02   9.5079385E-02
   9.9500000E+00   9.5495224E+00  -9.2475280E-02   9.0610480E-02
   1.0000000E+01   9.5995224E+00  -8.8052212E-02   8.6345490E-02
   0.0000000E+00  -9.4310679E-02   0.0000000E+00   1.0000000E+00
   5.0000000E-02  -4.4310679E-02   4.6192312E-02   8.4832032E-01
   1.0000000E-01   5.6893205E-03   8.5185951E-02   7.1702863E-01
   1.5000000E-01   5.5689321E-02   1.1857994E-01   6.2636342E-01
   2.0000000E-01   1.0568932E-01   1.4861265E-01   5.8297070E-01
   2.5000000E-01   1.5568932E-01   1.7766134E-01   5.8668347E-01
   3.0000000E-01   2.0568932E-01   2.0802076E-01   6.3492530E-01
   3.5000000E-01   2.5568932E-01   2.4185121E-01   7.2518593E-01
   4.0000000E-01   3.0568932E-01   2.8121565E-01   8.5620275E-01
   4.5000000E-01   3.5568932E-01   3.2815481E-01   1.0283812E+00
   5.0000000E-01   4.0568932E-01   3.8477241E-01   1.2438198E+00
   5.5000000E-01   4.5568932E-01   4.5331645E-01   1.5061593E+00
   6.0000000E-01   5.0568932E-01   5.3625119E-01   1.8203721E+00
   6.5000000E-01   5.5568932E-01   6.3631826E-01   2.1925452E+00
   7.0000000E-01   6.0568932E-01   7.5658719E-01   2.6296747E+00
   7.5000000E-01   6.5568932E-01   9.0049603E-01   3.1394721E+00
   8.0000000E-01   7.0568932E-01   1.0718824E+00   3.7301775E+00
   8.5000000E-01   7.5568932E-01   1.2750051E+00   4.4103709E+00
   9.0000000E-01   8.0568932E-01   1.5145567E+00   5.1887769E+00
   9.5000000E-01   8.5568932E-01   1.7956649E+00   6.0740571E+00
   1.0000000E+00   9.0568932E-01   2.1238847E+00   7.0745902E+00
   1.0500000E+00   9.5568932E-01   2.5051779E+00   8.1982393E+00
   1.1000000E+00   1.0056893E+00   2.9458817E+00   9.4521090E+00
   1.1500000E+00   1.0556893E+00   3.4526642E+00   1.0842298E+01
   1.2000000E+00   1.1056893E+00   4.0324684E+00   1.2373649E+01
   1.2500000E+00   1.1556893E+00   4.6924428E+00   1.4049511E+01
   1.3000000E+00   1.2056893E+00   5.4398610E+00   1.5871505E+01
   1.3500000E+00   1.2556893E+00   6.2820306E+00   1.7839324E+01
   1.4000000E+00   1.3056893E+00   7.2261912E+00   1.9950545E+01
   1.4500000E+00   1.3556893E+00   8.2794058E+00   2.2200491E+01
   1.5000000E+00   1.4056893E+00   9.4484445E+00   2.4582121E+01
   1.5500000E+00   1.4556893E+00   1.0739665E+01   2.7085973E+01
   1.6000000E+00   1.5056893E+00   1.2158892E+01   2.9700149E+01
   1.6500000E+00   1.5556893E+00   1.3711292E+01   3.2410360E+01
   1.7000000E+00   1.6056893E+00   1.5401264E+01   3.5200011E+01
   1.7500000E+00   1.6556893E+00   1.7232318E+01   3.8050349E+01
   1.8000000E+00   1.7056893E+00   1.9206978E+01   4.0940653E+01
   1.8500000E+00   1.7556893E+00   2.1326688E+01   4.3848468E+01
   1.9000000E+00   1.8056893E+00   2.3591732E+01   4.6749888E+01
   1.9500000E+00   1.8556893E+00   2.6001167E+01   4.9619860E+01
   2.0000000E+00   1.9056893E+00   2.8552777E+01   5.2432533E+01
   2.0500000E+00   1.9556893E+00   3.1243041E+01   5.5161612E+01
   2.1000000E+00   2.0056893E+00   3.4067119E+01   5.7780732E+01
   2.1500000E+00   2.0556893E+00   3.7018861E+01   6.0263838E+01
   2.2000000E+00   2.1056893E+00   4.0090826E+01   6.2585555E+01
   2.2500000E+00   2.1556893E+00   4.3274334E+01   6.4721551E+01
   2.3000000E+00   2.2056893E+00   4.6559516E+01   6.6648884E+01
   2.3500000E+00   2.2556893E+00   4.9935402E+01   6.8346315E+01
   2.4000000E+00   2.3056893E+00   5.3390007E+01   6.9794601E+01
   2.4500000E+00   2.3556893E+00   5.6910437E+01   7.0976742E+01
   2.5000000E+00   2.4056893E+00   6.0483013E+01   7.1878200E+01
   2.5500000E+00   2.4556893E+00   6.4093390E+01   7.2487060E+01
   2.6000000E+00   2.5056893E+00   6.7726699E+01   7.2794165E+01
   2.6500000E+00   2.5556893E+00   7.1367680E+01   7.2793189E+01
   2.7000000E+00   2.6056893E+00   7.5000833E+01   7.2480681E+01
   2.7500000E+00   2.6556893E+00   7.8610554E+01   7.1856052E+01
   2.8000000E+00   2.7056893E+00   8.2181280E+01   7.0921529E+01
   2.8500000E+00   2.7556893E+00   8.5697630E+01   6.9682071E+01
   2.9000000E+00   2.8056893E+00   8.9144537E+01   6.8145243E+01
   2.9500000E+00   2.8556893E+00   9.2507370E+01   6.6321064E+01
   3.0000000E+00   2.9056893E+00   9.5772063E+01   6.4221827E+01
   3.0500000E+00   2.9556893E+00   9.8925212E+01   6.1861895E+01
   3.1000000E+00   3.0056893E+00   1.0195418E+02   5.9257481E+01
   3.1500000E+00   3.0556893E+00   1.0484719E+02   5.6426407E+01
   3.2000000E+00   3.1056893E+00   1.0759337E+02   5.3387868E+01
   3.2500000E+00   3.1556893E+00   1.1018286E+02   5.0162175E+01
   3.3000000E+00   3.2056893E+00   1.1260682E+02   4.6770507E+01
   3.3500000E+00   3.2556893E+00   1.1485751E+02   4.3234666E+01
   3.4000000E+00   3.3056893E+00   1.1692825E+02   3.9576832E+01
   3.4500000E+00   3.3556893E+00   1.1881353E+02   3.5819335E+01
   3.5000000E+00   3.4056893E+00   1.2050890E+02   3.1984431E+01
   3.5500000E+00   3.4556893E+00   1.2201105E+02   2.8094102E+01
   3.6000000E+00   3.5056893E+00   1.2331774E+02   2.4169863E+01
   3.6500000E+00   3.5556893E+00   1.2442782E+02   2.0232590E+01
   3.7000000E+00   3.6056893E+00   1.2534112E+02   1.6302368E+01
   3.7500000E+00   3.6556893E+00   1.2605849E+02   1.2398357E+01
   3.8000000E+00   3.7056893E+00   1.2658169E+02   8.5386750E+00
   3.8500000E+00   3.7556893E+00   1.2691338E+02   4.7403025E+00
   3.9000000E+00   3.8056893E+00   1.2705701E+02   1.0190053E+00
   3.9500000E+00   3.8556893E+00   1.2701680E+02  -2.6107238E+00
   4.0000000E+00   3.9056893E+00   1.2679768E+02  -6.1357077E+00
   4.0500000E+00   3.9556893E+00   1.2640518E+02  -9.5441089E+00
   4.1000000E+00   4.0056893E+00   1.2584539E+02  -1.2825440E+01
   4.1500000E+00   4.0556893E+00   1.2512490E+02  -1.5970559E+01
   4.2000000E+00   4.1056893E+00   1.2425073E+02  -1.8971653E+01
   4.2500000E+00   4.1556893E+00   1.2323024E+02  -2.1822206E+01
   4.3000000E+00   4.2056893E+00   1.2207110E+02  -2.4516965E+01
   4.3500000E+00   4.2556893E+00   1.2078121E+02  -2.7051890E+01
   4.4000000E+00   4.3056893E+00   1.1936862E+02  -2.9424097E+01
   4.4500000E+00   4.3556893E+00   1.1784154E+02  -3.1631800E+01
   4.5000000E+00   4.4056893E+00   1.1620820E+02  -3.3674245E+01
   4.5500000E+00   4.4556893E+00   1.1447686E+02  -3.5551638E+01
   4.6000000E+00   4.5056893E+00   1.1265576E+02  -3.7265074E+01
   4.6500000E+00   4.5556893E+00   1.1075305E+02  -3.8816463E+01
   4.7000000E+00   4.6056893E+00   1.0877677E+02  -4.0208456E+01
   4.7500000E+00   4.6556893E+00   1.0673481E+02  -4.1444369E+01
   4.8000000E+00   4.7056893E+00   1.0463487E+02  -4.2528113E+01
   4.8500000E+00   4.7556893E+00   1.0248446E+02  -4.3464117E+01
   4.9000000E+00   4.8056893E+00   1.0029084E+02  -4.4257261E+01
   4.9500000E+00   4.8556893E+00   9.8061020E+01  -4.4912812E+01
   5.0000000E+00   4.9056893E+00   9.5801752E+01  -4.5436352E+01
   5.0500000E+00   4.9556893E+00   9.3519486E+01  -4.5833724E+01
   5.1000000E+00   5.0056893E+00   9.1220380E+01  -4.6110971E+01
   5.1500000E+00   5.0556893E+00   8.8910286E+01  -4.6274283E+01
   5.2000000E+00   5.1056893E+00   8.6594744E+01  -4.6329947E+01
   5.2500000E+00   5.1556893E+00   8.4278978E+01  -4.6284303E+01
   5.3000000E+00   5.2056893E+00   8.1967894E+01  -4.6143699E+01
   5.3500000E+00   5.2556893E+00   7.9666083E+01  -4.5914451E+01
   5.4000000E+00   5.3056893E+00   7.7377821E+01  -4.5602816E+01
   5.4500000E+00   5.3556893E+00   7.5107071E+01  -4.5214955E+01
   5.5000000E+00   5.4056893E+00   7.2857493E+01  -4.4756905E+01
   5.5500000E+00   5.4556893E+00   7.0632450E+01  -4.4234560E+01
   5.6000000E+00   5.5056893E+00   6.8435012E+01  -4.3653649E+01
   5.6500000E+00   5.5556893E+00   6.6267967E+01  -4.3019715E+01
   5.7000000E+00   5.6056893E+00   6.4133834E+01  -4.2338107E+01
   5.7500000E+00   5.6556893E+00   6.2034864E+01  -4.1613962E+01
   5.8000000E+00   5.7056893E+00   5.9973063E+01  -4.0852199E+01
   5.8500000E+00   5.7556893E+00   5.7950192E+01  -4.0057512E+01
   5.9000000E+00   5.8056893E+00   5.5967785E+01  -3.9234366E+01
   5.9500000E+00   5.8556893E+00   5.4027158E+01  -3.8386991E+01
   6.0000000E+00   5.9056893E+00   5.2129422E+01  -3.7519384E+01
   6.0500000E+00   5.9556893E+00   5.0275493E+01  -3.6635310E+01
   6.1000000E+00   6.0056893E+00   4.8466106E+01  -3.5738300E+01
   6.1500000E+00   6.0556893E+00   4.6701823E+01  -3.4831657E+01
   6.2000000E+00   6.1056893E+00   4.4983048E+01  -3.3918463E+01
   6.2500000E+00   6.1556893E+00   4.3310037E+01  -3.3001576E+01
   6.3000000E+00   6.2056893E+00   4.1682907E+01  -3.2083646E+01
   6.3500000E+00   6.2556893E+00   4.0101649E+01  -3.1167112E+01
   6.4000000E+00   6.3056893E+00   3.8566135E+01  -3.0254218E+01
   6.4500000E+00   6.3556893E+00   3.7076131E+01  -2.9347013E+01
   6.5000000E+00   6.4056893E+00   3.5631307E+01  -2.8447364E+01
   6.5500000E+00   6.4556893E+00   3.4231240E+01  -2.7556961E+01
   6.6000000E+00   6.5056893E+00   3.2875431E+01  -2.6677328E+01
   6.6500000E+00   6.5556893E+00   3.1563305E+01  -2.5809830E+01
   6.7000000E+00   6.6056893E+00   3.0294225E+01  -2.4955680E+01
   6.7500000E+00   6.6556893E+00   2.9067496E+01  -2.4115951E+01
   6.8000000E+00   6.7056893E+00   2.7882373E+01  -2.3291581E+01
   6.8500000E+00   6.7556893E+00   2.6738068E+01  -2.2483383E+01
   6.9000000E+00   6.8056893E+00   2.5633754E+01  -2.1692051E+01
   6.9500000E+00   6.8556893E+00   2.4568572E+01  -2.0918172E+01
   7.0000000E+00   6.9056893E+00   2.3541637E+01  -2.0162228E+01
   7.0500000E+00   6.9556893E+00   2.2552043E+01  -1.9424608E+01
   7.1000000E+00   7.0056893E+00   2.1598866E+01  -1.8705613E+01
   7.1500000E+00   7.0556893E+00   2.0681168E+01  -1.8005462E+01
   7.2000000E+00   7.1056893E+00   1.9798003E+01  -1.7324302E+01
   7.2500000E+00   7.1556893E+00   1.8948420E+01  -1.6662209E+01
   7.3000000E+00   7.2056893E+00   1.8131464E+01  -1.6019199E+01
   7.3500000E+00   7.2556893E+00   1.7346182E+01  -1.5395230E+01
   7.4000000E+00   7.3056893E+00   1.6591625E+01  -1.4790209E+01
   7.4500000E+00   7.3556893E+00   1.5866848E+01  -1.4203998E+01
   7.5000000E+00   7.4056893E+00   1.5170915E+01  -1.3636415E+01
   7.5500000E+00   7.4556893E+00   1.4502899E+01  -1.3087243E+01
   7.6000000E+00   7.5056893E+00   1.3861887E+01  -1.2556232E+01
   7.6500000E+00   7.5556893E+00   1.3246978E+01  -1.2043102E+01
   7.7000000E+00   7.6056893E+00   1.2657284E+01  -1.1547548E+01
   7.7500000E+00   7.6556893E+00   1.2091936E+01  -1.1069242E+01
   7.8000000E+00   7.7056893E+00   1.1550078E+01  -1.0607840E+01
   7.8500000E+00   7.7556893E+00   1.1030876E+01  -1.0162979E+01
   7.9000000E+00   7.8056893E+00   1.0533511E+01  -9.7342850E+00
   7.9500000E+00   7.8556893E+00   1.0057184E+01  -9.3213712E+00
   8.0000000E+00   7.9056893E+00   9.6011173E+00  -8.9238435E+00
   8.0500000E+00   7.9556893E+00   9.1645502E+00  -8.5413012E+00
   8.1000000E+00   8.0056893E+00   8.7467441E+00  -8.1733387E+00
   8.1500000E+00   8.0556893E+00   8.3469802E+00  -7.8195478E+00
   8.2000000E+00   8.1056893E+00   7.9645600E+00  -7.4795189E+00
   8.2500000E+00   8.1556893E+00   7.5988057E+00  -7.1528427E+00
   8.3000000E+00   8.2056893E+00   7.2490599E+00  -6.8391112E+00
   8.3500000E+00   8.2556893E+00   6.9146856E+00  -6.5379187E+00
   8.4000000E+00   8.3056893E+00   6.5950658E+00  -6.2488636E+00
   8.4500000E+00   8.3556893E+00   6.2896036E+00  -5.9715482E+00
   8.5000000E+00   8.4056893E+00   5.9977218E+00  -5.7055804E+00
   8.5500000E+00   8.4556893E+00   5.7188628E+00  -5.4505739E+00
   8.6000000E+00   8.5056893E+00   5.4524881E+00  -5.2061492E+00
   8.6500000E+00   8.5556893E+00   5.1980778E+00  -4.9719335E+00
   8.7000000E+00   8.6056893E+00   4.9551307E+00  -4.7475620E+00
   8.7500000E+00   8.6556893E+00   4.7231635E+00  -4.5326773E+00
   8.8000000E+00   8.7056893E+00   4.5017106E+00  -4.3269305E+00
   8.8500000E+00   8.7556893E+00   4.2903238E+00  -4.1299813E+00
   8.9000000E+00   8.8056893E+00   4.0885714E+00  -3.9414978E+00
   8.9500000E+00   8.8556893E+00   3.8960383E+00  -3.7611570E+00
   9.0000000E+00   8.9056893E+00   3.7123253E+00  -3.5886447E+00
   9.0500000E+00   8.9556893E+00   3.5370485E+00  -3.4236560E+00
   9.1000000E+00   9.0056893E+00   3.3698392E+00  -3.2658946E+00
   9.1500000E+00   9.0556893E+00   3.2103434E+00  -3.1150734E+00
   9.2000000E+00   9.1056893E+00   3.0582209E+00  -2.9709142E+00
   9.2500000E+00   9.1556893E+00   2.9131454E+00  -2.8331478E+00
   9.3000000E+00   9.2056893E+00   2.7748039E+00  -2.7015137E+00
   9.3500000E+00   9.2556893E+00   2.6428960E+00  -2.5757600E+00
   9.4000000E+00   9.3056893E+00   2.5171339E+00  -2.4556435E+00
   9.4500000E+00   9.3556893E+00   2.3972416E+00  -2.3409295E+00
   9.5000000E+00   9.4056893E+00   2.2829547E+00  -2.2313914E+00
   9.5500000E+00   9.4556893E+00   2.1740199E+00  -2.1268110E+00
   9.6000000E+00   9.5056893E+00   2.0701945E+00  -2.0269776E+00
   9.6500000E+00   9.5556893E+00   1.9712464E+00  -1.9316888E+00
   9.7000000E+00   9.6056893E+00   1.8769532E+00  -1.8407494E+00
   9.7500000E+00   9.6556893E+00   1.7871021E+00  -1.7539716E+00
   9.8000000E+00   9.7056893E+00   1.7014897E+00  -1.6711752E+00
   9.8500000E+00   9.7556893E+00   1.6199211E+00  -1.5921864E+00
   9.9000000E+00   9.8056893E+00   1.5422103E+00  -1.5168387E+00
   9.9500000E+00   9.8556893E+00   1.4681793E+00  -1.4449719E+00
   1.0000000E+01   9.9056893E+00   1.3976577E+00  -1.3764323E+00
   0.0000000E+00   0.0000000E+00   0.0000000E+00   1.0000000E+00
   5.0000000E-02   5.0000000E-02   4.6451509E-02   8.6302833E-01
   1.0000000E-01   1.0000000E-01   8.6937455E-02   7.6371457E-01
   1.5000000E-01   1.5000000E-01   1.2359378E-01   7.1052417E-01
   2.0000000E-01   2.0000000E-01   1.5878087E-01   7.0485042E-01
   2.5000000E-01   2.5000000E-01   1.9484423E-01   7.4525024E-01
   3.0000000E-01   3.0000000E-01   2.3404041E-01   8.2990350E-01
   3.5000000E-01   3.5000000E-01   2.7855325E-01   9.5785906E-01
   4.0000000E-01   4.0000000E-01   3.3055237E-01   1.1295438E+00
   4.5000000E-01   4.5000000E-01   3.9226589E-01   1.3468678E+00
   5.0000000E-01   5.0000000E-01   4.6605280E-01   1.6131321E+00
   5.5000000E-01   5.5000000E-01   5.5446838E-01   1.9328533E+00
   6.0000000E-01   6.0000000E-01   6.6031995E-01   2.3115632E+00
   6.5000000E-01   6.5000000E-01   7.8671258E-01   2.7556055E+00
   7.0000000E-01   7.0000000E-01   9.3708469E-01   3.2719374E+00
   7.5000000E-01   7.5000000E-01   1.1152338E+00   3.8679335E+00
   8.0000000E-01   8.0000000E-01   1.3253325E+00   4.5511885E+00
   8.5000000E-01   8.5000000E-01   1.5719345E+00   5.3293150E+00
   9.0000000E-01   9.0000000E-01   1.8599700E+00   6.2097342E+00
   9.5000000E-01   9.5000000E-01   2.1947314E+00   7.1994587E+00
   1.0000000E+00   1.0000000E+00   2.5818463E+00   8.3048689E+00
   1.0500000E+00   1.0500000E+00   3.0272414E+00   9.5314866E+00
   1.1000000E+00   1.1000000E+00   3.5370928E+00   1.0883749E+01
   1.1500000E+00   1.1500000E+00   4.1177670E+00   1.2364787E+01
   1.2000000E+00   1.2000000E+00   4.7757501E+00   1.3976224E+01
   1.2500000E+00   1.2500000E+00   5.5175674E+00   1.5717977E+01
   1.3000000E+00   1.3000000E+00   6.3496942E+00   1.7588101E+01
   1.3500000E+00   1.3500000E+00   7.2784589E+00   1.9582650E+01
   1.4000000E+00   1.4000000E+00   8.3099406E+00   2.1695579E+01
   1.4500000E+00   1.4500000E+00   9.4498622E+00   2.3918687E+01
   1.5000000E+00   1.5000000E+00   1.0703482E+01   2.6241597E+01
   1.5500000E+00   1.5500000E+00   1.2075487E+01   2.8651792E+01
   1.6000000E+00   1.6000000E+00   1.3569884E+01   3.1134688E+01
   1.6500000E+00   1.6500000E+00   1.5189903E+01   3.3673755E+01
   1.7000000E+00   1.7000000E+00   1.6937903E+01   3.6250686E+01
   1.7500000E+00   1.7500000E+00   1.8815284E+01   3.8845600E+01
   1.8000000E+00   1.8000000E+00   2.0822421E+01   4.1437291E+01
   1.8500000E+00   1.8500000E+00   2.2958601E+01   4.4003498E+01
   1.9000000E+00   1.9000000E+00   2.5221975E+01   4.6521210E+01
   1.9500000E+00   1.9500000E+00   2.7609535E+01   4.8966983E+01
   2.0000000E+00   2.0000000E+00   3.0117094E+01   5.1317272E+01
   2.0500000E+00   2.0500000E+00   3.2739294E+01   5.3548771E+01
   2.1000000E+00   2.1000000E+00   3.5469624E+01   5.5638744E+01
   2.1500000E+00   2.1500000E+00   3.8300458E+01   5.7565349E+01
   2.2000000E+00   2.2000000E+00   4.1223104E+01   5.9307951E+01
   2.2500000E+00   2.2500000E+00   4.4227877E+01   6.0847405E+01
   2.3000000E+00   2.3000000E+00   4.7304179E+01   6.2166318E+01
   2.3500000E+00   2.3500000E+00   5.0440586E+01   6.3249278E+01
   2.4000000E+00   2.4000000E+00   5.3624963E+01   6.4083049E+01
   2.4500000E+00   2.4500000E+00   5.6844565E+01   6.4656722E+01
   2.5000000E+00   2.5000000E+00   6.0086167E+01   6.4961839E+01
   2.5500000E+00   2.5500000E+00   6.3336182E+01   6.4992464E+01
   2.6000000E+00   2.6000000E+00   6.6580789E+01   6.4745222E+01
   2.6500000E+00   2.6500000E+00   6.9806065E+01   6.4219299E+01
   2.7000000E+00   2.7000000E+00   7.2998109E+01   6.3416401E+01
   2.7500000E+00   2.7500000E+00   7.6143164E+01   6.2340681E+01
   2.8000000E+00   2.8000000E+00   7.9227743E+01   6.0998634E+01
   2.8500000E+00   2.8500000E+00   8.2238738E+01   5.9398961E+01
   2.9000000E+00   2.9000000E+00   8.5163529E+01   5.7552415E+01
   2.9500000E+00   2.9500000E+00   8.7990079E+01   5.5471616E+01
   3.0000000E+00   3.0000000E+00   9.0707027E+01   5.3170857E+01
   3.0500000E+00   3.0500000E+00   9.3303764E+01   5.0665896E+01
   3.1000000E+00   3.1000000E+00   9.5770499E+01   4.7973738E+01
   3.1500000E+00   3.1500000E+00   9.8098320E+01   4.5112412E+01
   3.2000000E+00   3.2000000E+00   1.0027924E+02   4.2100747E+01
   3.2500000E+00   3.2500000E+00   1.0230621E+02   3.8958151E+01
   3.3000000E+00   3.3000000E+00   1.0417320E+02   3.5704396E+01
   3.3500000E+00   3.3500000E+00   1.0587513E+02   3.2359408E+01
   3.4000000E+00   3.4000000E+00   1.0740795E+02   2.8943072E+01
   3.4500000E+00   3.4500000E+00   1.0876858E+02   2.5475047E+01
   3.5000000E+00   3.5000000E+00   1.0995492E+02   2.1974592E+01
   3.5500000E+00   3.5500000E+00   1.1096581E+02   1.8460416E+01
   3.6000000E+00   3.6000000E+00   1.1180103E+02   1.4950533E+01
   3.6500000E+00   3.6500000E+00   1.1246122E+02   1.1462147E+01
   3.7000000E+00   3.7000000E+00   1.1294787E+02   8.0115398E+00
   3.7500000E+00   3.7500000E+00   1.1326326E+02   4.6139890E+00
   3.8000000E+00   3.8000000E+00   1.1341039E+02   1.2836942E+00
   3.8500000E+00   3.8500000E+00   1.1339297E+02  -1.9662764E+00
   3.9000000E+00   3.9000000E+00   1.1321530E+02  -5.1240252E+00
   3.9500000E+00   3.9500000E+00   1.1288228E+02  -8.1788488E+00
   4.0000000E+00   4.0000000E+00   1.1239929E+02  -1.1121249E+01
   4.0500000E+00   4.0500000E+00   1.1177216E+02  -1.3942928E+01
   4.1000000E+00   4.1000000E+00   1.1100712E+02  -1.6636779E+01
   4.1500000E+00   4.1500000E+00   1.1011071E+02  -1.9196855E+01
   4.2000000E+00   4.2000000E+00   1.0908975E+02  -2.1618340E+01
   4.2500000E+00   4.2500000E+00   1.0795125E+02  -2.3897508E+01
   4.3000000E+00   4.3000000E+00   1.0670241E+02  -2.6031669E+01
   4.3500000E+00   4.3500000E+00   1.0535053E+02  -2.8019121E+01
   4.4000000E+00   4.4000000E+00   1.0390296E+02  -2.9859088E+01
   4.4500000E+00   4.4500000E+00   1.0236707E+02  -3.1551660E+01
   4.5000000E+00   4.5000000E+00   1.0075023E+02  -3.3097728E+01
   4.5500000E+00   4.5500000E+00   9.9059713E+01  -3.4498917E+01
   4.6000000E+00   4.6000000E+00   9.7302713E+01  -3.5757522E+01
   4.6500000E+00   4.6500000E+00   9.5486287E+01  -3.6876439E+01
   4.7000000E+00   4.7000000E+00   9.3617338E+01  -3.7859100E+01
   4.7500000E+00   4.7500000E+00   9.1702581E+01  -3.8709411E+01
   4.8000000E+00   4.8000000E+00   8.9748529E+01  -3.9431686E+01
   4.8500000E+00   4.8500000E+00   8.7761467E+01  -4.0030588E+01
   4.9000000E+00   4.9000000E+00   8.5747442E+01  -4.0511073E+01
   4.9500000E+00   4.9500000E+00   8.3712245E+01  -4.0878330E+01
   5.0000000E+00   5.0000000E+00   8.1661404E+01  -4.1137737E+01
   5.0500000E+00   5.0500000E+00   7.9600175E+01  -4.1294807E+01
   5.1000000E+00   5.1000000E+00   7.7533534E+01  -4.1355145E+01
   5.1500000E+00   5.1500000E+00   7.5466177E+01  -4.1324405E+01
   5.2000000E+00   5.2000000E+00   7.3402516E+01  -4.1208255E+01
   5.2500000E+00   5.2500000E+00   7.1346679E+01  -4.1012340E+01
   5.3000000E+00   5.3000000E+00   6.9302516E+01  -4.0742250E+01
   5.3500000E+00   5.3500000E+00   6.7273597E+01  -4.0403496E+01
   5.4000000E+00   5.4000000E+00   6.5263219E+01  -4.0001482E+01
   5.4500000E+00   5.4500000E+00   6.3274414E+01  -3.9541484E+01
   5.5000000E+00   5.5000000E+00   6.1309951E+01  -3.9028633E+01
   5.5500000E+00   5.5500000E+00   5.9372347E+01  -3.8467898E+01
   5.6000000E+00   5.6000000E+00   5.7463878E+01  -3.7864073E+01
   5.6500000E+00   5.6500000E+00   5.5586580E+01  -3.7221764E+01
   5.7000000E+00   5.7000000E+00   5.3742268E+01  -3.6545387E+01
   5.7500000E+00   5.7500000E+00   5.1932538E+01  -3.5839154E+01
   5.8000000E+00   5.8000000E+00   5.0158782E+01  -3.5107075E+01
   5.8500000E+00   5.8500000E+00   4.8422197E+01  -3.4352948E+01
   5.9000000E+00   5.9000000E+00   4.6723794E+01  -3.3580366E+01
   5.9500000E+00   5.9500000E+00   4.5064411E+01  -3.2792712E+01
   6.0000000E+00   6.0000000E+00   4.3444720E+01  -3.1993163E+01
   6.0500000E+00   6.0500000E+00   4.1865242E+01  -3.1184691E+01
   6.1000000E+00   6.1000000E+00   4.0326353E+01  -3.0370066E+01
   6.1500000E+00   6.1500000E+00   3.8828295E+01  -2.9551866E+01
   6.2000000E+00   6.2000000E+00   3.7371186E+01  -2.8732474E+01
   6.2500000E+00   6.2500000E+00   3.5955030E+01  -2.7914090E+01
   6.3000000E+00   6.3000000E+00   3.4579726E+01  -2.7098736E+01
   6.3500000E+00   6.3500000E+00   3.3245074E+01  -2.6288260E+01
   6.4000000E+00   6.4000000E+00   3.1950790E+01  -2.5484348E+01
   6.4500000E+00   6.4500000E+00   3.0696504E+01  -2.4688525E+01
   6.5000000E+00   6.5000000E+00   2.9481779E+01  -2.3902168E+01
   6.5500000E+00   6.5500000E+00   2.8306109E+01  -2.3126512E+01
   6.6000000E+00   6.6000000E+00   2.7168931E+01  -2.2362654E+01
   6.6500000E+00   6.6500000E+00   2.6069630E+01  -2.1611566E+01
   6.7000000E+00   6.7000000E+00   2.5007547E+01  -2.0874099E+01
   6.7500000E+00   6.7500000E+00   2.3981981E+01  -2.0150990E+01
   6.8000000E+00   6.8000000E+00   2.2992198E+01  -1.9442871E+01
   6.8500000E+00   6.8500000E+00   2.2037434E+01  -1.8750277E+01
   6.9000000E+00   6.9000000E+00   2.1116904E+01  -1.8073647E+01
   6.9500000E+00   6.9500000E+00   2.0229797E+01  -1.7413339E+01
   7.0000000E+00   7.0000000E+00   1.9375293E+01  -1.6769630E+01
   7.0500000E+00   7.0500000E+00   1.8552554E+01  -1.6142723E+01
   7.1000000E+00   7.1000000E+00   1.7760738E+01  -1.5532756E+01
   7.1500000E+00   7.1500000E+00   1.6998995E+01  -1.4939805E+01
   7.2000000E+00   7.2000000E+00   1.6266473E+01  -1.4363889E+01
   7.2500000E+00   7.2500000E+00   1.5562322E+01  -1.3804976E+01
   7.3000000E+00   7.3000000E+00   1.4885694E+01  -1.3262989E+01
   7.3500000E+00   7.3500000E+00   1.4235743E+01  -1.2737808E+01
   7.4000000E+00   7.4000000E+00   1.3611635E+01  -1.2229276E+01
   7.4500000E+00   7.4500000E+00   1.3012541E+01  -1.1737203E+01
   7.5000000E+00   7.5000000E+00   1.2437644E+01  -1.1261366E+01
   7.5500000E+00   7.5500000E+00   1.1886138E+01  -1.0801521E+01
   7.6000000E+00   7.6000000E+00   1.1357230E+01  -1.0357397E+01
   7.6500000E+00   7.6500000E+00   1.0850141E+01  -9.9287039E+00
   7.7000000E+00   7.7000000E+00   1.0364107E+01  -9.5151354E+00
   7.7500000E+00   7.7500000E+00   9.8983808E+00  -9.1163698E+00
   7.8000000E+00   7.8000000E+00   9.4522292E+00  -8.7320737E+00
   7.8500000E+00   7.8500000E+00   9.0249379E+00  -8.3619036E+00
   7.9000000E+00   7.9000000E+00   8.6158093E+00  -8.0055083E+00
   7.9500000E+00   7.9500000E+00   8.2241634E+00  -7.6625304E+00
   8.0000000E+00   8.0000000E+00   7.8493386E+00  -7.3326084E+00
   8.0500000E+00   8.0500000E+00   7.4906910E+00  -7.0153782E+00
   8.1000000E+00   8.1000000E+00   7.1475953E+00  -6.7104743E+00
   8.1500000E+00   8.1500000E+00   6.8194443E+00  -6.4175310E+00
   8.2000000E+00   8.2000000E+00   6.5056489E+00  -6.1361840E+00
   8.2500000E+00   8.2500000E+00   6.2056386E+00  -5.8660710E+00
   8.3000000E+00   8.3000000E+00   5.9188606E+00  -5.6068329E+00
   8.3500000E+00   8.3500000E+00   5.6447800E+00  -5.3581144E+00
   8.4000000E+00   8.4000000E+00   5.3828797E+00  -5.1195649E+00
   8.4500000E+00   8.4500000E+00   5.1326598E+00  -4.8908388E+00
   8.5000000E+00   8.5000000E+00   4.8936377E+00  -4.6715968E+00
   8.5500000E+00   8.5500000E+00   4.6653476E+00  -4.4615053E+00
   8.6000000E+00   8.6000000E+00   4.4473401E+00  -4.2602377E+00
   8.6500000E+00   8.6500000E+00   4.2391821E+00  -4.0674745E+00
   8.7000000E+00   8.7000000E+00   4.0404561E+00  -3.8829033E+00
   8.7500000E+00   8.7500000E+00   3.8507603E+00  -3.7062194E+00
   8.8000000E+00   8.8000000E+00   3.6697077E+00  -3.5371256E+00
   8.8500000E+00   8.8500000E+00   3.4969261E+00  -3.3753327E+00
   8.9000000E+00   8.9000000E+00   3.3320575E+00  -3.2205595E+00
   8.9500000E+00   8.9500000E+00   3.1747577E+00  -3.0725326E+00
   9.0000000E+00   9.0000000E+00   3.0246962E+00  -2.9309869E+00
   9.0500000E+00   9.0500000E+00   2.8815553E+00  -2.7956651E+00
   9.1000000E+00   9.1000000E+00   2.7450301E+00  -2.6663179E+00
   9.1500000E+00   9.1500000E+00   2.6148279E+00  -2.5427042E+00
   9.2000000E+00   9.2000000E+00   2.4906680E+00  -2.4245904E+00
   9.2500000E+00   9.2500000E+00   2.3722810E+00  -2.3117510E+00
   9.3000000E+00   9.3000000E+00   2.2594087E+00  -2.2039679E+00
   9.3500000E+00   9.3500000E+00   2.1518035E+00  -2.1010308E+00
   9.4000000E+00   9.4000000E+00   2.0492282E+00  -2.0027365E+00
   9.4500000E+00   9.4500000E+00   1.9514557E+00  -1.9088895E+00
   9.5000000E+00   9.5000000E+00   1.8582683E+00  -1.8193010E+00
   9.5500000E+00   9.5500000E+00   1.7694577E+00  -1.7337893E+00
   9.6000000E+00   9.6000000E+00   1.6848243E+00  -1.6521796E+00
   9.6500000E+00   9.6500000E+00   1.6041775E+00  -1.5743036E+00
   9.7000000E+00   9.7000000E+00   1.5273345E+00  -1.4999994E+00
   9.7500000E+00   9.7500000E+00   1.4541206E+00  -1.4291114E+00
   9.8000000E+00   9.8000000E+00   1.3843689E+00  -1.3614903E+00
   9.8500000E+00   9.8500000E+00   1.3179195E+00  -1.2969923E+00
   9.9000000E+00   9.9000000E+00   1.2546199E+00  -1.2354796E+00
   9.9500000E+00   9.9500000E+00   1.1943240E+00  -1.1768200E+00
   1.0000000E+01   1.0000000E+01   1.1368925E+00  -1.1208865E+00
   0.0000000E+00   2.8517894E-01   0.0000000E+00   1.0000000E+00
   5.0000000E-02   3.3517894E-01   4.6816527E-02   8.8375677E-01
   1.0000000E-01   3.8517894E-01   8.9392513E-02   8.2887073E-01
   1.5000000E-01   4.3517894E-01   1.3058378E-01   8.2711716E-01
   2.0000000E-01   4.8517894E-01   1.7287844E-01   8.7209110E-01
   2.5000000E-01   5.3517894E-01   2.1849468E-01   9.5939560E-01
   3.0000000E-01   5.8517894E-01   2.6947831E-01   1.0864925E+00
   3.5000000E-01   6.3517894E-01   3.2778888E-01   1.2524173E+00
   4.0000000E-01   6.8517894E-01   3.9537044E-01   1.4574612E+00
   4.5000000E-01   7.3517894E-01   4.7420667E-01   1.7028697E+00
   5.0000000E-01   7.8517894E-01   5.6636167E-01   1.9905726E+00
   5.5000000E-01   8.3517894E-01   6.7400824E-01   2.3229494E+00
   6.0000000E-01   8.8517894E-01   7.9944503E-01   2.7026243E+00
   6.5000000E-01   9.3517894E-01   9.4510423E-01   3.1322851E+00
   7.0000000E-01   9.8517894E-01   1.1135506E+00   3.6145216E+00
   7.5000000E-01   1.0351789E+00   1.3074729E+00   4.1516782E+00
   8.0000000E-01   1.0851789E+00   1.5296680E+00   4.7457189E+00
   8.5000000E-01   1.1351789E+00   1.7830190E+00   5.3981035E+00
   9.0000000E-01   1.1851789E+00   2.0704671E+00   6.1096751E+00
   9.5000000E-01   1.2351789E+00   2.3949777E+00   6.8805601E+00
   1.0000000E+00   1.2851789E+00   2.7595033E+00   7.7100812E+00
   1.0500000E+00   1.3351789E+00   3.1669406E+00   8.5966869E+00
   1.1000000E+00   1.3851789E+00   3.6200858E+00   9.5378972E+00
   1.1500000E+00   1.4351789E+00   4.1215870E+00   1.0530268E+01
   1.2000000E+00   1.4851789E+00   4.6738959E+00   1.1569378E+01
   1.2500000E+00   1.5351789E+00   5.2792185E+00   1.2649831E+01
   1.3000000E+00   1.5851789E+00   5.9394672E+00   1.3765286E+01
   1.3500000E+00   1.6351789E+00   6.6562149E+00   1.4908506E+01
   1.4000000E+00   1.6851789E+00   7.4306514E+00   1.6071425E+01
   1.4500000E+00   1.7351789E+00   8.2635443E+00   1.7245234E+01
   1.5000000E+00   1.7851789E+00   9.1552046E+00   1.8420494E+01
   1.5500000E+00   1.8351789E+00   1.0105458E+01   1.9587248E+01
   1.6000000E+00   1.8851789E+00   1.1113621E+01   2.0735158E+01
   1.6500000E+00   1.9351789E+00   1.2178489E+01   2.1853647E+01
   1.7000000E+00   1.9851789E+00   1.3298323E+01   2.2932050E+01
   1.7500000E+00   2.0351789E+00   1.4470854E+01   2.3959761E+01
   1.8000000E+00   2.0851789E+00   1.5693287E+01   2.4926391E+01
   1.8500000E+00   2.1351789E+00   1.6962314E+01   2.5821912E+01
   1.9000000E+00   2.1851789E+00   1.8274139E+01   2.6636801E+01
   1.9500000E+00   2.2351789E+00   1.9624507E+01   2.7362175E+01
   2.0000000E+00   2.2851789E+00   2.1008734E+01   2.7989908E+01
   2.0500000E+00   2.3351789E+00   2.2421754E+01   2.8512745E+01
   2.1000000E+00   2.3851789E+00   2.3858159E+01   2.8924390E+01
   2.1500000E+00   2.4351789E+00   2.5312256E+01   2.9219585E+01
   2.2000000E+00   2.4851789E+00   2.6778111E+01   2.9394163E+01
   2.2500000E+00   2.5351789E+00   2.8249615E+01   2.9445096E+01
   2.3000000E+00   2.5851789E+00   2.9720532E+01   2.9370511E+01
   2.3500000E+00   2.6351789E+00   3.1184565E+01   2.9169696E+01
   2.4000000E+00   2.6851789E+00   3.2635408E+01   2.8843088E+01
   2.4500000E+00   2.7351789E+00   3.4066806E+01   2.8392245E+01
   2.5000000E+00   2.7851789E+00   3.5472608E+01   2.7819798E+01
   2.5500000E+00   2.8351789E+00   3.6846822E+01   2.7129400E+01
   2.6000000E+00   2.8851789E+00   3.8183661E+01   2.6325654E+01
   2.6500000E+00   2.9351789E+00   3.9477591E+01   2.5414033E+01
   2.7000000E+00   2.9851789E+00   4.0723372E+01   2.4400797E+01
   2.7500000E+00   3.0351789E+00   4.1916094E+01   2.3292895E+01
   2.8000000E+00   3.0851789E+00   4.3051211E+01   2.2097873E+01
   2.8500000E+00   3.1351789E+00   4.4124565E+01   2.0823769E+01
   2.9000000E+00   3.1851789E+00   4.5132411E+01   1.9479015E+01
   2.9500000E+00   3.2351789E+00   4.6071435E+01   1.8072332E+01
   3.0000000E+00   3.2851789E+00   4.6938761E+01   1.6612638E+01
   3.0500000E+00   3.3351789E+00   4.7731966E+01   1.5108946E+01
   3.1000000E+00   3.3851789E+00   4.8449073E+01   1.3570277E+01
   3.1500000E+00   3.4351789E+00   4.9088560E+01   1.2005573E+01
   3.2000000E+00   3.4851789E+00   4.9649343E+01   1.0423619E+01
   3.2500000E+00   3.5351789E+00   5.0130776E+01   8.8329681E+00
   3.3000000E+00   3.5851789E+00   5.0532633E+01   7.2418796E+00
   3.3500000E+00   3.6351789E+00   5.0855089E+01   5.6582590E+00
   3.4000000E+00   3.6851789E+00   5.1098708E+01   4.0896090E+00
   3.4500000E+00   3.7351789E+00   5.1264417E+01   2.5429877E+00
   3.5000000E+00   3.7851789E+00   5.1353483E+01   1.0249738E+00
   3.5500000E+00   3.8351789E+00   5.1367491E+01  -4.5835987E-01
   3.6000000E+00   3.8851789E+00   5.1308317E+01  -1.9014660E+00
   3.6500000E+00   3.9351789E+00   5.1178098E+01  -3.2993359E+00
   3.7000000E+00   3.9851789E+00   5.0979211E+01  -4.6475056E+00
   3.7500000E+00   4.0351789E+00   5.0714241E+01  -5.9420565E+00
   3.8000000E+00   4.0851789E+00   5.0385955E+01  -7.1796103E+00
   3.8500000E+00   4.1351789E+00   4.9997276E+01  -8.3573196E+00
   3.9000000E+00   4.1851789E+00   4.9551258E+01  -9.4728534E+00
   3.9500000E+00   4.2351789E+00   4.9051057E+01  -1.0524379E+01
   4.0000000E+00   4.2851789E+00   4.8499909E+01  -1.1510543E+01
   4.0500000E+00   4.3351789E+00   4.7901106E+01  -1.2430443E+01
   4.1000000E+00   4.3851789E+00   4.7257976E+01  -1.3283607E+01
   4.1500000E+00   4.4351789E+00   4.6573858E+01  -1.4069962E+01
   4.2000000E+00   4.4851789E+00   4.5852088E+01  -1.4789807E+01
   4.2500000E+00   4.5351789E+00   4.5095975E+01  -1.5443783E+01
   4.3000000E+00   4.5851789E+00   4.4308790E+01  -1.6032843E+01
   4.3500000E+00   4.6351789E+00   4.3493751E+01  -1.6558220E+01
   4.4000000E+00   4.6851789E+00   4.2654004E+01  -1.7021401E+01
   4.4500000E+00   4.7351789E+00   4.1792618E+01  -1.7424093E+01
   4.5000000E+00   4.7851789E+00   4.0912570E+01  -1.7768199E+01
   4.5500000E+00   4.8351789E+00   4.0016739E+01  -1.8055786E+01
   4.6000000E+00   4.8851789E+00   3.9107896E+01  -1.8289062E+01
   4.6500000E+00   4.9351789E+00   3.8188699E+01  -1.8470349E+01
   4.7000000E+00   4.9851789E+00   3.7261687E+01  -1.8602060E+01
   4.7500000E+00   5.0351789E+00   3.6329277E+01  -1.8686676E+01
   4.8000000E+00   5.0851789E+00   3.5393761E+01  -1.8726724E+01
   4.8500000E+00   5.1351789E+00   3.4457304E+01  -1.8724761E+01
   4.9000000E+00   5.1851789E+00   3.3521942E+01  -1.8683355E+01
   4.9500000E+00   5.2351789E+00   3.2589582E+01  -1.8605065E+01
   5.0000000E+00   5.2851789E+00   3.1662007E+01  -1.8492433E+01
   5.0500000E+00   5.3351789E+00   3.0740869E+01  -1.8347967E+01
   5.1000000E+00   5.3851789E+00   2.9827699E+01  -1.8174129E+01
   5.1500000E+00   5.4351789E+00   2.8923905E+01  -1.7973328E+01
   5.2000000E+00   5.4851789E+00   2.8030776E+01  -1.7747907E+01
   5.2500000E+00   5.5351789E+00   2.7149486E+01  -1.7500139E+01
   5.3000000E+00   5.5851789E+00   2.6281097E+01  -1.7232221E+01
   5.3500000E+00   5.6351789E+00   2.5426564E+01  -1.6946263E+01
   5.4000000E+00   5.6851789E+00   2.4586737E+01  -1.6644292E+01
   5.4500000E+00   5.7351789E+00   2.3762369E+01  -1.6328242E+01
   5.5000000E+00   5.7851789E+00   2.2954117E+01  -1.5999958E+01
   5.5500000E+00   5.8351789E+00   2.2162548E+01  -1.5661188E+01
   5.6000000E+00   5.8851789E+00   2.1388145E+01  -1.5313587E+01
   5.6500000E+00   5.9351789E+00   2.0631310E+01  -1.4958715E+01
   5.7000000E+00   5.9851789E+00   1.9892369E+01  -1.4598039E+01
   5.7500000E+00   6.0351789E+00   1.9171579E+01  -1.4232932E+01
   5.8000000E+00   6.0851789E+00   1.8469128E+01  -1.3864676E+01
   5.8500000E+00   6.1351789E+00   1.7785144E+01  -1.3494463E+01
   5.9000000E+00   6.1851789E+00   1.7119696E+01  -1.3123400E+01
   5.9500000E+00   6.2351789E+00   1.6472801E+01  -1.2752506E+01
   6.0000000E+00   6.2851789E+00   1.5844427E+01  -1.2382722E+01
   6.0500000E+00   6.3351789E+00   1.5234496E+01  -1.2014907E+01
   6.1000000E+00   6.3851789E+00   1.4642890E+01  -1.1649845E+01
   6.1500000E+00   6.4351789E+00   1.4069453E+01  -1.1288250E+01
   6.2000000E+00   6.4851789E+00   1.3513996E+01  -1.0930765E+01
   6.2500000E+00   6.5351789E+00   1.2976298E+01  -1.0577966E+01
   6.3000000E+00   6.5851789E+00   1.2456112E+01  -1.0230371E+01
   6.3500000E+00   6.6351789E+00   1.1953167E+01  -9.8884339E+00
   6.4000000E+00   6.6851789E+00   1.1467168E+01  -9.5525575E+00
   6.4500000E+00   6.7351789E+00   1.0997804E+01  -9.2230902E+00
   6.5000000E+00   6.7851789E+00   1.0544747E+01  -8.9003323E+00
   6.5500000E+00   6.8351789E+00   1.0107655E+01  -8.5845383E+00
   6.6000000E+00   6.8851789E+00   9.6861734E+00  -8.2759202E+00
   6.6500000E+00   6.9351789E+00   9.2799400E+00  -7.9746503E+00
   6.7000000E+00   6.9851789E+00   8.8885835E+00  -7.6808645E+00
   6.7500000E+00   7.0351789E+00   8.5117271E+00  -7.3946648E+00
   6.8000000E+00   7.0851789E+00   8.1489894E+00  -7.1161220E+00
   6.8500000E+00   7.1351789E+00   7.7999865E+00  -6.8452784E+00
   6.9000000E+00   7.1851789E+00   7.4643329E+00  -6.5821502E+00
   6.9500000E+00   7.2351789E+00   7.1416429E+00  -6.3267297E+00
   7.0000000E+00   7.2851789E+00   6.8315319E+00  -6.0789876E+00
   7.0500000E+00   7.3351789E+00   6.5336169E+00  -5.8388752E+00
   7.1000000E+00   7.3851789E+00   6.2475182E+00  -5.6063261E+00
   7.1500000E+00   7.4351789E+00   5.9728596E+00  -5.3812582E+00
   7.2000000E+00   7.4851789E+00   5.7092693E+00  -5.1635755E+00
   7.2500000E+00   7.5351789E+00   5.4563807E+00  -4.9531697E+00
   7.3000000E+00   7.5851789E+00   5.2138330E+00  -4.7499214E+00
   7.3500000E+00   7.6351789E+00   4.9812714E+00  -4.5537020E+00
   7.4000000E+00   7.6851789E+00   4.7583479E+00  -4.3643746E+00
   7.4500000E+00   7.7351789E+00   4.5447215E+00  -4.1817954E+00
   7.5000000E+00   7.7851789E+00   4.3400584E+00  -4.0058150E+00
   7.5500000E+00   7.8351789E+00   4.1440325E+00  -3.8362790E+00
   7.6000000E+00   7.8851789E+00   3.9563257E+00  -3.6730293E+00
   7.6500000E+00   7.9351789E+00   3.7766275E+00  -3.5159048E+00
   7.7000000E+00   7.9851789E+00   3.6046358E+00  -3.3647422E+00
   7.7500000E+00   8.0351789E+00   3.4400567E+00  -3.2193769E+00
   7.8000000E+00   8.0851789E+00   3.2826043E+00  -3.0796435E+00
   7.8500000E+00   8.1351789E+00   3.1320012E+00  -2.9453762E+00
   7.9000000E+00   8.1851789E+00   2.9879783E+00  -2.8164100E+00
   7.9500000E+00   8.2351789E+00   2.8502746E+00  -2.6925803E+00
   8.0000000E+00   8.2851789E+00   2.7186374E+00  -2.5737241E+00
   8.0500000E+00   8.3351789E+00   2.5928220E+00  -2.4596799E+00
   8.1000000E+00   8.3851789E+00   2.4725918E+00  -2.3502882E+00
   8.1500000E+00   8.4351789E+00   2.3577182E+00  -2.2453918E+00
   8.2000000E+00   8.4851789E+00   2.2479803E+00  -2.1448362E+00
   8.2500000E+00   8.5351789E+00   2.1431648E+00  -2.0484694E+00
   8.3000000E+00   8.5851789E+00   2.0430660E+00  -1.9561427E+00
   8.3500000E+00   8.6351789E+00   1.9474856E+00  -1.8677104E+00
   8.4000000E+00   8.6851789E+00   1.8562325E+00  -1.7830298E+00
   8.4500000E+00   8.7351789E+00   1.7691224E+00  -1.7019621E+00
   8.5000000E+00   8.7851789E+00   1.6859783E+00  -1.6243717E+00
   8.5500000E+00   8.8351789E+00   1.6066295E+00  -1.5501264E+00
   8.6000000E+00   8.8851789E+00   1.5309121E+00  -1.4790977E+00
   8.6500000E+00   8.9351789E+00   1.4586682E+00  -1.4111610E+00
   8.7000000E+00   8.9851789E+00   1.3897465E+00  -1.3461948E+00
   8.7500000E+00   9.0351789E+00   1.3240012E+00  -1.2840818E+00
   8.8000000E+00   9.0851789E+00   1.2612926E+00  -1.2247078E+00
   8.8500000E+00   9.1351789E+00   1.2014866E+00  -1.1679626E+00
   8.9000000E+00   9.1851789E+00   1.1444543E+00  -1.1137394E+00
   8.9500000E+00   9.2351789E+00   1.0900724E+00  -1.0619350E+00
   9.0000000E+00   9.2851789E+00   1.0382222E+00  -1.0124496E+00
   9.0500000E+00   9.3351789E+00   9.8879035E-01  -9.6518683E-01
   9.1000000E+00   9.3851789E+00   9.4166802E-01  -9.2005387E-01
   9.1500000E+00   9.4351789E+00   8.9675097E-01  -8.7696104E-01
   9.2000000E+00   9.4851789E+00   8.5393936E-01  -8.3582197E-01
   9.2500000E+00   9.5351789E+00   8.1313760E-01  -7.9655343E-01
   9.3000000E+00   9.5851789E+00   7.7425418E-01  -7.5907531E-01
   9.3500000E+00   9.6351789E+00   7.3720152E-01  -7.2331052E-01
   9.4000000E+00   9.6851789E+00   7.0189581E-01  -6.8918490E-01
   9.4500000E+00   9.7351789E+00   6.6825690E-01  -6.5662715E-01
   9.5000000E+00   9.7851789E+00   6.3620811E-01  -6.2556876E-01
   9.5500000E+00   9.8351789E+00   6.0567614E-01  -5.9594391E-01
   9.6000000E+00   9.8851789E+00   5.7659088E-01  -5.6768942E-01
   9.6500000E+00   9.9351789E+00   5.4888537E-01  -5.4074461E-01
   9.7000000E+00   9.9851789E+00   5.2249557E-01  -5.1505129E-01
   9.7500000E+00   1.0035179E+01   4.9736032E-01  -4.9055362E-01
   9.8000000E+00   1.0085179E+01   4.7342117E-01  -4.6719810E-01
   9.8500000E+00   1.0135179E+01   4.5062233E-01  -4.4493339E-01
   9.9000000E+00   1.0185179E+01   4.2891048E-01  -4.2371034E-01
   9.9500000E+00   1.0235179E+01   4.0823472E-01  -4.0348185E-01
   1.0000000E+01   1.0285179E+01   3.8854647E-01  -3.8420280E-01
   0.0000000E+00   6.9314718E-01   0.0000000E+00   1.0000000E+00
   5.0000000E-02   7.4314718E-01   4.6857504E-02   8.8582825E-01
   1.0000000E-01   7.9314718E-01   8.9575041E-02   8.3171063E-01
   1.5000000E-01   8.4314718E-01   1.3079905E-01   8.2419002E-01
   2.0000000E-01   8.9314718E-01   1.7260902E-01   8.5382462E-01
   2.5000000E-01   9.4314718E-01   2.1668842E-01   9.1404928E-01
   3.0000000E-01   9.9314718E-01   2.6444629E-01   1.0003305E+00
   3.5000000E-01   1.0431472E+00   3.1710248E-01   1.1095450E+00
   4.0000000E-01   1.0931472E+00   3.7574619E-01   1.2395243E+00
   4.5000000E-01   1.1431472E+00   4.4137495E-01   1.3887224E+00
   5.0000000E-01   1.1931472E+00   5.1491933E-01   1.5559726E+00
   5.5000000E-01   1.2431472E+00   5.9725727E-01   1.7403095E+00
   6.0000000E-01   1.2931472E+00   6.8922064E-01   1.9408390E+00
   6.5000000E-01   1.3431472E+00   7.9159641E-01   2.1566444E+00
   7.0000000E-01   1.3931472E+00   9.0512366E-01   2.3867179E+00
   7.5000000E-01   1.4431472E+00   1.0304878E+00   2.6299141E+00
   8.0000000E-01   1.4931472E+00   1.1683129E+00   2.8849189E+00
   8.5000000E-01   1.5431472E+00   1.3191526E+00   3.1502317E+00
   9.0000000E-01   1.5931472E+00   1.4834808E+00   3.4241589E+00
   9.5000000E-01   1.6431472E+00   1.6616819E+00   3.7048161E+00
   1.0000000E+00   1.6931472E+00   1.8540415E+00   3.9901387E+00
   1.0500000E+00   1.7431472E+00   2.0607377E+00   4.2778985E+00
   1.1000000E+00   1.7931472E+00   2.2818338E+00   4.5657267E+00
   1.1500000E+00   1.8431472E+00   2.5172715E+00   4.8511409E+00
   1.2000000E+00   1.8931472E+00   2.7668663E+00   5.1315763E+00
   1.2500000E+00   1.9431472E+00   3.0303040E+00   5.4044197E+00
   1.3000000E+00   1.9931472E+00   3.3071393E+00   5.6670445E+00
   1.3500000E+00   2.0431472E+00   3.5967961E+00   5.9168480E+00
   1.4000000E+00   2.0931472E+00   3.8985694E+00   6.1512874E+00
   1.4500000E+00   2.1431472E+00   4.2116293E+00   6.3679161E+00
   1.5000000E+00   2.1931472E+00   4.5350267E+00   6.5644176E+00
   1.5500000E+00   2.2431472E+00   4.8677009E+00   6.7386378E+00
   1.6000000E+00   2.2931472E+00   5.2084876E+00   6.8886141E+00
   1.6500000E+00   2.3431472E+00   5.5561302E+00   7.0126010E+00
   1.7000000E+00   2.3931472E+00   5.9092905E+00   7.1090924E+00
   1.7500000E+00   2.4431472E+00   6.2665613E+00   7.1768392E+00
   1.8000000E+00   2.4931472E+00   6.6264799E+00   7.2148628E+00
   1.8500000E+00   2.5431472E+00   6.9875414E+00   7.2224644E+00
   1.9000000E+00   2.5931472E+00   7.3482132E+00   7.1992297E+00
   1.9500000E+00   2.6431472E+00   7.7069490E+00   7.1450288E+00
   2.0000000E+00   2.6931472E+00   8.0622032E+00   7.0600132E+00
   2.0500000E+00   2.7431472E+00   8.4124444E+00   6.9446074E+00
   2.1000000E+00   2.7931472E+00   8.7561694E+00   6.7994979E+00
   2.1500000E+00   2.8431472E+00   9.0919152E+00   6.6256189E+00
   2.2000000E+00   2.8931472E+00   9.4182717E+00   6.4241346E+00
   2.2500000E+00   2.9431472E+00   9.7338919E+00   6.1964201E+00
   2.3000000E+00   2.9931472E+00   1.0037503E+01   5.9440393E+00
   2.3500000E+00   3.0431472E+00   1.0327914E+01   5.6687219E+00
   2.4000000E+00   3.0931472E+00   1.0604024E+01   5.3723398E+00
   2.4500000E+00   3.1431472E+00   1.0864830E+01   5.0568818E+00
   2.5000000E+00   3.1931472E+00   1.1109429E+01   4.7244293E+00
   2.5500000E+00   3.2431472E+00   1.1337026E+01   4.3771313E+00
   2.6000000E+00   3.2931472E+00   1.1546932E+01   4.0171802E+00
   2.6500000E+00   3.3431472E+00   1.1738570E+01   3.6467891E+00
   2.7000000E+00   3.3931472E+00   1.1911474E+01   3.2681691E+00
   2.7500000E+00   3.4431472E+00   1.2065286E+01   2.8835090E+00
   2.8000000E+00   3.4931472E+00   1.2199760E+01   2.4949558E+00
   2.8500000E+00   3.5431472E+00   1.2314752E+01   2.1045974E+00
   2.9000000E+00   3.5931472E+00   1.2410223E+01   1.7144469E+00
   2.9500000E+00   3.6431472E+00   1.2486232E+01   1.3264286E+00
   3.0000000E+00   3.6931472E+00   1.2542932E+01   9.4236628E-01
   3.0500000E+00   3.7431472E+00   1.2580563E+01   5.6397315E-01
   3.1000000E+00   3.7931472E+00   1.2599450E+01   1.9284370E-01
   3.1500000E+00   3.8431472E+00   1.2599993E+01  -1.6955261E-01
   3.2000000E+00   3.8931472E+00   1.2582662E+01  -5.2187587E-01
   3.2500000E+00   3.9431472E+00   1.2547993E+01  -8.6291857E-01
   3.3000000E+00   3.9931472E+00   1.2496576E+01  -1.1916070E+00
   3.3500000E+00   4.0431472E+00   1.2429054E+01  -1.5070012E+00
   3.4000000E+00   4.0931472E+00   1.2346111E+01  -1.8082932E+00
   3.4500000E+00   4.1431472E+00   1.2248471E+01  -2.0948051E+00
   3.5000000E+00   4.1931472E+00   1.2136886E+01  -2.3659848E+00
   3.5500000E+00   4.2431472E+00   1.2012135E+01  -2.6214019E+00
   3.6000000E+00   4.2931472E+00   1.1875013E+01  -2.8607422E+00
   3.6500000E+00   4.3431472E+00   1.1726332E+01  -3.0838019E+00
   3.7000000E+00   4.3931472E+00   1.1566906E+01  -3.2904810E+00
   3.7500000E+00   4.4431472E+00   1.1397556E+01  -3.4807769E+00
   3.8000000E+00   4.4931472E+00   1.1219100E+01  -3.6547767E+00
   3.8500000E+00   4.5431472E+00   1.1032347E+01  -3.8126502E+00
   3.9000000E+00   4.5931472E+00   1.0838099E+01  -3.9546427E+00
   3.9500000E+00   4.6431472E+00   1.0637142E+01  -4.0810672E+00
   4.0000000E+00   4.6931472E+00   1.0430246E+01  -4.1922973E+00
   4.0500000E+00   4.7431472E+00   1.0218158E+01  -4.2887602E+00
   4.1000000E+00   4.7931472E+00   1.0001608E+01  -4.3709293E+00
   4.1500000E+00   4.8431472E+00   9.7812950E+00  -4.4393179E+00
   4.2000000E+00   4.8931472E+00   9.5578961E+00  -4.4944723E+00
   4.2500000E+00   4.9431472E+00   9.3320586E+00  -4.5369662E+00
   4.3000000E+00   4.9931472E+00   9.1044004E+00  -4.5673943E+00
   4.3500000E+00   5.0431472E+00   8.8755098E+00  -4.5863675E+00
   4.4000000E+00   5.0931472E+00   8.6459440E+00  -4.5945073E+00
   4.4500000E+00   5.1431472E+00   8.4162290E+00  -4.5924416E+00
   4.5000000E+00   5.1931472E+00   8.1868593E+00  -4.5808001E+00
   4.5500000E+00   5.2431472E+00   7.9582980E+00  -4.5602104E+00
   4.6000000E+00   5.2931472E+00   7.7309768E+00  -4.5312949E+00
   4.6500000E+00   5.3431472E+00   7.5052968E+00  -4.4946670E+00
   4.7000000E+00   5.3931472E+00   7.2816285E+00  -4.4509290E+00
   4.7500000E+00   5.4431472E+00   7.0603125E+00  -4.4006693E+00
   4.8000000E+00   5.4931472E+00   6.8416606E+00  -4.3444601E+00
   4.8500000E+00   5.5431472E+00   6.6259562E+00  -4.2828562E+00
   4.9000000E+00   5.5931472E+00   6.4134558E+00  -4.2163928E+00
   4.9500000E+00   5.6431472E+00   6.2043892E+00  -4.1455849E+00
   5.0000000E+00   5.6931472E+00   5.9989614E+00  -4.0709258E+00
   5.0500000E+00   5.7431472E+00   5.7973529E+00  -3.9928868E+00
   5.1000000E+00   5.7931472E+00   5.5997214E+00  -3.9119162E+00
   5.1500000E+00   5.8431472E+00   5.4062029E+00  -3.8284397E+00
   5.2000000E+00   5.8931472E+00   5.2169124E+00  -3.7428593E+00
   5.2500000E+00   5.9431472E+00   5.0319456E+00  -3.6555542E+00
   5.3000000E+00   5.9931472E+00   4.8513797E+00  -3.5668804E+00
   5.3500000E+00   6.0431472E+00   4.6752747E+00  -3.4771713E+00
   5.4000000E+00   6.0931472E+00   4.5036746E+00  -3.3867378E+00
   5.4500000E+00   6.1431472E+00   4.3366081E+00  -3.2958689E+00
   5.5000000E+00   6.1931472E+00   4.1740904E+00  -3.2048326E+00
   5.5500000E+00   6.2431472E+00   4.0161235E+00  -3.1138760E+00
   5.6000000E+00   6.2931472E+00   3.8626976E+00  -3.0232264E+00
   5.6500000E+00   6.3431472E+00   3.7137922E+00  -2.9330918E+00
   5.7000000E+00   6.3931472E+00   3.5693766E+00  -2.8436617E+00
   5.7500000E+00   6.4431472E+00   3.4294113E+00  -2.7551083E+00
   5.8000000E+00   6.4931472E+00   3.2938486E+00  -2.6675865E+00
   5.8500000E+00   6.5431472E+00   3.1626331E+00  -2.5812358E+00
   5.9000000E+00   6.5931472E+00   3.0357033E+00  -2.4961801E+00
   5.9500000E+00   6.6431472E+00   2.9129917E+00  -2.4125292E+00
   6.0000000E+00   6.6931472E+00   2.7944254E+00  -2.3303795E+00
   6.0500000E+00   6.7431472E+00   2.6799273E+00  -2.2498145E+00
   6.1000000E+00   6.7931472E+00   2.5694163E+00  -2.1709062E+00
   6.1500000E+00   6.8431472E+00   2.4628080E+00  -2.0937151E+00
   6.2000000E+00   6.8931472E+00   2.3600153E+00  -2.0182917E+00
   6.2500000E+00   6.9431472E+00   2.2609487E+00  -1.9446768E+00
   6.3000000E+00   6.9931472E+00   2.1655169E+00  -1.8729024E+00
   6.3500000E+00   7.0431472E+00   2.0736273E+00  -1.8029923E+00
   6.4000000E+00   7.0931472E+00   1.9851863E+00  -1.7349626E+00
   6.4500000E+00   7.1431472E+00   1.9000995E+00  -1.6688226E+00
   6.5000000E+00   7.1931472E+00   1.8182725E+00  -1.6045754E+00
   6.5500000E+00   7.2431472E+00   1.7396105E+00  -1.5422182E+00
   6.6000000E+00   7.2931472E+00   1.6640193E+00  -1.4817431E+00
   6.6500000E+00   7.3431472E+00   1.5914050E+00  -1.4231372E+00
   6.7000000E+00   7.3931472E+00   1.5216747E+00  -1.3663838E+00
   6.7500000E+00   7.4431472E+00   1.4547361E+00  -1.3114621E+00
   6.8000000E+00   7.4931472E+00   1.3904983E+00  -1.2583480E+00
   6.8500000E+00   7.5431472E+00   1.3288716E+00  -1.2070146E+00
   6.9000000E+00   7.5931472E+00   1.2697677E+00  -1.1574321E+00
   6.9500000E+00   7.6431472E+00   1.2130997E+00  -1.1095686E+00
   7.0000000E+00   7.6931472E+00   1.1587827E+00  -1.0633904E+00
   7.0500000E+00   7.7431472E+00   1.1067332E+00  -1.0188618E+00
   7.1000000E+00   7.7931472E+00   1.0568697E+00  -9.7594598E-01
   7.1500000E+00   7.8431472E+00   1.0091124E+00  -9.3460496E-01
   7.2000000E+00   7.8931472E+00   9.6338355E-01  -8.9479980E-01
   7.2500000E+00   7.9431472E+00   9.1960744E-01  -8.5649087E-01
   7.3000000E+00   7.9931472E+00   8.7771020E-01  -8.1963806E-01
   7.3500000E+00   8.0431472E+00   8.3762003E-01  -7.8420095E-01
   7.4000000E+00   8.0931472E+00   7.9926718E-01  -7.5013892E-01
   7.4500000E+00   8.1431472E+00   7.6258390E-01  -7.1741137E-01
   7.5000000E+00   8.1931472E+00   7.2750448E-01  -6.8597777E-01
   7.5500000E+00   8.2431472E+00   6.9396523E-01  -6.5579784E-01
   7.6000000E+00   8.2931472E+00   6.6190446E-01  -6.2683162E-01
   7.6500000E+00   8.3431472E+00   6.3126250E-01  -5.9903958E-01
   7.7000000E+00   8.3931472E+00   6.0198159E-01  -5.7238267E-01
   7.7500000E+00   8.4431472E+00   5.7400595E-01  -5.4682244E-01
   7.8000000E+00   8.4931472E+00   5.4728170E-01  -5.2232107E-01
   7.8500000E+00   8.5431472E+00   5.2175681E-01  -4.9884142E-01
   7.9000000E+00   8.5931472E+00   4.9738113E-01  -4.7634709E-01
   7.9500000E+00   8.6431472E+00   4.7410628E-01  -4.5480247E-01
   8.0000000E+00   8.6931472E+00   4.5188564E-01  -4.3417274E-01
   8.0500000E+00   8.7431472E+00   4.3067432E-01  -4.1442392E-01
   8.1000000E+00   8.7931472E+00   4.1042912E-01  -3.9552288E-01
   8.1500000E+00   8.8431472E+00   3.9110844E-01  -3.7743738E-01
   8.2000000E+00   8.8931472E+00   3.7267231E-01  -3.6013604E-01
   8.2500000E+00   8.9431472E+00   3.5508228E-01  -3.4358836E-01
   8.3000000E+00   8.9931472E+00   3.3830141E-01  -3.2776477E-01
   8.3500000E+00   9.0431472E+00   3.2229421E-01  -3.1263655E-01
   8.4000000E+00   9.0931472E+00   3.0702663E-01  -2.9817591E-01
   8.4500000E+00   9.1431472E+00   2.9246595E-01  -2.8435590E-01
   8.5000000E+00   9.1931472E+00   2.7858080E-01  -2.7115047E-01
   8.5500000E+00   9.2431472E+00   2.6534108E-01  -2.5853444E-01
   8.6000000E+00   9.2931472E+00   2.5271793E-01  -2.4648348E-01
   8.6500000E+00   9.3431472E+00   2.4068370E-01  -2.3497408E-01
   8.7000000E+00   9.3931472E+00   2.2921188E-01  -2.2398359E-01
   8.7500000E+00   9.4431472E+00   2.1827706E-01  -2.1349013E-01
   8.8000000E+00   9.4931472E+00   2.0785493E-01  -2.0347265E-01
   8.8500000E+00   9.5431472E+00   1.9792220E-01  -1.9391086E-01
   8.9000000E+00   9.5931472E+00   1.8845658E-01  -1.8478522E-01
   8.9500000E+00   9.6431472E+00   1.7943673E-01  -1.7607693E-01
   9.0000000E+00   9.6931472E+00   1.7084223E-01  -1.6776792E-01
   9.0500000E+00   9.7431472E+00   1.6265357E-01  -1.5984080E-01
   9.1000000E+00   9.7931472E+00   1.5485207E-01  -1.5227888E-01
   9.1500000E+00   9.8431472E+00   1.4741986E-01  -1.4506611E-01
   9.2000000E+00   9.8931472E+00   1.4033989E-01  -1.3818710E-01
   9.2500000E+00   9.9431472E+00   1.3359584E-01  -1.3162705E-01
   9.3000000E+00   9.9931472E+00   1.2717211E-01  -1.2537179E-01
   9.3500000E+00   1.0043147E+01   1.2105381E-01  -1.1940771E-01
   9.4000000E+00   1.0093147E+01   1.1522670E-01  -1.1372177E-01
   9.4500000E+00   1.0143147E+01   1.0967720E-01  -1.0830146E-01
   9.5000000E+00   1.0193147E+01   1.0439233E-01  -1.0313481E-01
   9.5500000E+00   1.0243147E+01   9.9359687E-02  -9.8210347E-02
   9.6000000E+00   1.0293147E+01   9.4567443E-02  -9.3517071E-02
   9.6500000E+00   1.0343147E+01   9.0004303E-02  -8.9044467E-02
   9.7000000E+00   1.0393147E+01   8.5659487E-02  -8.4782463E-02
   9.7500000E+00   1.0443147E+01   8.1522708E-02  -8.0721423E-02
   9.8000000E+00   1.0493147E+01   7.7584149E-02  -7.6852128E-02
   9.8500000E+00   1.0543147E+01   7.3834447E-02  -7.3165759E-02
   9.9000000E+00   1.0593147E+01   7.0264666E-02  -6.9653884E-02
   9.9500000E+00   1.0643147E+01   6.6866285E-02  -6.6308442E-02
   1.0000000E+01   1.0693147E+01   6.3631176E-02  -6.3121726E-02
