             Tau     Tau_gorrito               y
   5.0000000E-03   1.1136626E+00             NaN
   1.0000000E-02   1.1186626E+00             NaN
   1.5000000E-02   1.1236626E+00             NaN
   2.0000000E-02   1.1286626E+00             NaN
   2.5000000E-02   1.1336626E+00             NaN
   3.0000000E-02   1.1386626E+00             NaN
   3.5000000E-02   1.1436626E+00             NaN
   4.0000000E-02   1.1486626E+00             NaN
   4.5000000E-02   1.1536626E+00             NaN
   5.0000000E-02   1.1586626E+00             NaN
   5.5000000E-02   1.1636626E+00             NaN
   6.0000000E-02   1.1686626E+00             NaN
   6.5000000E-02   1.1736626E+00             NaN
   7.0000000E-02   1.1786626E+00             NaN
   7.5000000E-02   1.1836626E+00             NaN
   8.0000000E-02   1.1886626E+00             NaN
   8.5000000E-02   1.1936626E+00             NaN
   9.0000000E-02   1.1986626E+00             NaN
   9.5000000E-02   1.2036626E+00             NaN
   1.0000000E-01   1.2086626E+00             NaN
   1.0500000E-01   1.2136626E+00             NaN
   1.1000000E-01   1.2186626E+00             NaN
   1.1500000E-01   1.2236626E+00             NaN
   1.2000000E-01   1.2286626E+00             NaN
   1.2500000E-01   1.2336626E+00             NaN
   1.3000000E-01   1.2386626E+00             NaN
   1.3500000E-01   1.2436626E+00             NaN
   1.4000000E-01   1.2486626E+00             NaN
   1.4500000E-01   1.2536626E+00             NaN
   1.5000000E-01   1.2586626E+00             NaN
   1.5500000E-01   1.2636626E+00             NaN
   1.6000000E-01   1.2686626E+00             NaN
   1.6500000E-01   1.2736626E+00             NaN
   1.7000000E-01   1.2786626E+00             NaN
   1.7500000E-01   1.2836626E+00             NaN
   1.8000000E-01   1.2886626E+00             NaN
   1.8500000E-01   1.2936626E+00             NaN
   1.9000000E-01   1.2986626E+00             NaN
   1.9500000E-01   1.3036626E+00             NaN
   2.0000000E-01   1.3086626E+00             NaN
   2.0500000E-01   1.3136626E+00             NaN
   2.1000000E-01   1.3186626E+00             NaN
   2.1500000E-01   1.3236626E+00             NaN
   2.2000000E-01   1.3286626E+00             NaN
   2.2500000E-01   1.3336626E+00             NaN
   2.3000000E-01   1.3386626E+00             NaN
   2.3500000E-01   1.3436626E+00             NaN
   2.4000000E-01   1.3486626E+00             NaN
   2.4500000E-01   1.3536626E+00             NaN
   2.5000000E-01   1.3586626E+00             NaN
   2.5500000E-01   1.3636626E+00             NaN
   2.6000000E-01   1.3686626E+00             NaN
   2.6500000E-01   1.3736626E+00             NaN
   2.7000000E-01   1.3786626E+00             NaN
   2.7500000E-01   1.3836626E+00             NaN
   2.8000000E-01   1.3886626E+00             NaN
   2.8500000E-01   1.3936626E+00             NaN
   2.9000000E-01   1.3986626E+00             NaN
   2.9500000E-01   1.4036626E+00             NaN
   3.0000000E-01   1.4086626E+00             NaN
   3.0500000E-01   1.4136626E+00             NaN
   3.1000000E-01   1.4186626E+00             NaN
   3.1500000E-01   1.4236626E+00             NaN
   3.2000000E-01   1.4286626E+00             NaN
   3.2500000E-01   1.4336626E+00             NaN
   3.3000000E-01   1.4386626E+00             NaN
   3.3500000E-01   1.4436626E+00             NaN
   3.4000000E-01   1.4486626E+00             NaN
   3.4500000E-01   1.4536626E+00             NaN
   3.5000000E-01   1.4586626E+00             NaN
   3.5500000E-01   1.4636626E+00             NaN
   3.6000000E-01   1.4686626E+00             NaN
   3.6500000E-01   1.4736626E+00             NaN
   3.7000000E-01   1.4786626E+00             NaN
   3.7500000E-01   1.4836626E+00             NaN
   3.8000000E-01   1.4886626E+00             NaN
   3.8500000E-01   1.4936626E+00             NaN
   3.9000000E-01   1.4986626E+00             NaN
   3.9500000E-01   1.5036626E+00             NaN
   4.0000000E-01   1.5086626E+00             NaN
   4.0500000E-01   1.5136626E+00             NaN
   4.1000000E-01   1.5186626E+00             NaN
   4.1500000E-01   1.5236626E+00             NaN
   4.2000000E-01   1.5286626E+00             NaN
   4.2500000E-01   1.5336626E+00             NaN
   4.3000000E-01   1.5386626E+00             NaN
   4.3500000E-01   1.5436626E+00             NaN
   4.4000000E-01   1.5486626E+00             NaN
   4.4500000E-01   1.5536626E+00             NaN
   4.5000000E-01   1.5586626E+00             NaN
   4.5500000E-01   1.5636626E+00             NaN
   4.6000000E-01   1.5686626E+00             NaN
   4.6500000E-01   1.5736626E+00             NaN
   4.7000000E-01   1.5786626E+00             NaN
   4.7500000E-01   1.5836626E+00             NaN
   4.8000000E-01   1.5886626E+00             NaN
   4.8500000E-01   1.5936626E+00             NaN
   4.9000000E-01   1.5986626E+00             NaN
   4.9500000E-01   1.6036626E+00             NaN
   5.0000000E-01   1.6086626E+00             NaN
   5.0500000E-01   1.6136626E+00             NaN
   5.1000000E-01   1.6186626E+00             NaN
   5.1500000E-01   1.6236626E+00             NaN
   5.2000000E-01   1.6286626E+00             NaN
   5.2500000E-01   1.6336626E+00             NaN
   5.3000000E-01   1.6386626E+00             NaN
   5.3500000E-01   1.6436626E+00             NaN
   5.4000000E-01   1.6486626E+00             NaN
   5.4500000E-01   1.6536626E+00             NaN
   5.5000000E-01   1.6586626E+00             NaN
   5.5500000E-01   1.6636626E+00             NaN
   5.6000000E-01   1.6686626E+00             NaN
   5.6500000E-01   1.6736626E+00             NaN
   5.7000000E-01   1.6786626E+00             NaN
   5.7500000E-01   1.6836626E+00             NaN
   5.8000000E-01   1.6886626E+00             NaN
   5.8500000E-01   1.6936626E+00             NaN
   5.9000000E-01   1.6986626E+00             NaN
   5.9500000E-01   1.7036626E+00             NaN
   6.0000000E-01   1.7086626E+00             NaN
   6.0500000E-01   1.7136626E+00             NaN
   6.1000000E-01   1.7186626E+00             NaN
   6.1500000E-01   1.7236626E+00             NaN
   6.2000000E-01   1.7286626E+00             NaN
   6.2500000E-01   1.7336626E+00             NaN
   6.3000000E-01   1.7386626E+00             NaN
   6.3500000E-01   1.7436626E+00             NaN
   6.4000000E-01   1.7486626E+00             NaN
   6.4500000E-01   1.7536626E+00             NaN
   6.5000000E-01   1.7586626E+00             NaN
   6.5500000E-01   1.7636626E+00             NaN
   6.6000000E-01   1.7686626E+00             NaN
   6.6500000E-01   1.7736626E+00             NaN
   6.7000000E-01   1.7786626E+00             NaN
   6.7500000E-01   1.7836626E+00             NaN
   6.8000000E-01   1.7886626E+00             NaN
   6.8500000E-01   1.7936626E+00             NaN
   6.9000000E-01   1.7986626E+00             NaN
   6.9500000E-01   1.8036626E+00             NaN
   7.0000000E-01   1.8086626E+00             NaN
   7.0500000E-01   1.8136626E+00             NaN
   7.1000000E-01   1.8186626E+00             NaN
   7.1500000E-01   1.8236626E+00             NaN
   7.2000000E-01   1.8286626E+00             NaN
   7.2500000E-01   1.8336626E+00             NaN
   7.3000000E-01   1.8386626E+00             NaN
   7.3500000E-01   1.8436626E+00             NaN
   7.4000000E-01   1.8486626E+00             NaN
   7.4500000E-01   1.8536626E+00             NaN
   7.5000000E-01   1.8586626E+00             NaN
   7.5500000E-01   1.8636626E+00             NaN
   7.6000000E-01   1.8686626E+00             NaN
   7.6500000E-01   1.8736626E+00             NaN
   7.7000000E-01   1.8786626E+00             NaN
   7.7500000E-01   1.8836626E+00             NaN
   7.8000000E-01   1.8886626E+00             NaN
   7.8500000E-01   1.8936626E+00             NaN
   7.9000000E-01   1.8986626E+00             NaN
   7.9500000E-01   1.9036626E+00             NaN
   8.0000000E-01   1.9086626E+00             NaN
   8.0500000E-01   1.9136626E+00             NaN
   8.1000000E-01   1.9186626E+00             NaN
   8.1500000E-01   1.9236626E+00             NaN
   8.2000000E-01   1.9286626E+00             NaN
   8.2500000E-01   1.9336626E+00             NaN
   8.3000000E-01   1.9386626E+00             NaN
   8.3500000E-01   1.9436626E+00             NaN
   8.4000000E-01   1.9486626E+00             NaN
   8.4500000E-01   1.9536626E+00             NaN
   8.5000000E-01   1.9586626E+00             NaN
   8.5500000E-01   1.9636626E+00             NaN
   8.6000000E-01   1.9686626E+00             NaN
   8.6500000E-01   1.9736626E+00             NaN
   8.7000000E-01   1.9786626E+00             NaN
   8.7500000E-01   1.9836626E+00             NaN
   8.8000000E-01   1.9886626E+00             NaN
   8.8500000E-01   1.9936626E+00             NaN
   8.9000000E-01   1.9986626E+00             NaN
   8.9500000E-01   2.0036626E+00             NaN
   9.0000000E-01   2.0086626E+00             NaN
   9.0500000E-01   2.0136626E+00             NaN
   9.1000000E-01   2.0186626E+00             NaN
   9.1500000E-01   2.0236626E+00             NaN
   9.2000000E-01   2.0286626E+00             NaN
   9.2500000E-01   2.0336626E+00             NaN
   9.3000000E-01   2.0386626E+00             NaN
   9.3500000E-01   2.0436626E+00             NaN
   9.4000000E-01   2.0486626E+00             NaN
   9.4500000E-01   2.0536626E+00             NaN
   9.5000000E-01   2.0586626E+00             NaN
   9.5500000E-01   2.0636626E+00             NaN
   9.6000000E-01   2.0686626E+00             NaN
   9.6500000E-01   2.0736626E+00             NaN
   9.7000000E-01   2.0786626E+00             NaN
   9.7500000E-01   2.0836626E+00             NaN
   9.8000000E-01   2.0886626E+00             NaN
   9.8500000E-01   2.0936626E+00             NaN
   9.9000000E-01   2.0986626E+00             NaN
   9.9500000E-01   2.1036626E+00             NaN
   1.0000000E+00   2.1086626E+00             NaN
   1.0050000E+00   2.1136626E+00             NaN
   1.0100000E+00   2.1186626E+00             NaN
   1.0150000E+00   2.1236626E+00             NaN
   1.0200000E+00   2.1286626E+00             NaN
   1.0250000E+00   2.1336626E+00             NaN
   1.0300000E+00   2.1386626E+00             NaN
   1.0350000E+00   2.1436626E+00             NaN
   1.0400000E+00   2.1486626E+00             NaN
   1.0450000E+00   2.1536626E+00             NaN
   1.0500000E+00   2.1586626E+00             NaN
   1.0550000E+00   2.1636626E+00             NaN
   1.0600000E+00   2.1686626E+00             NaN
   1.0650000E+00   2.1736626E+00             NaN
   1.0700000E+00   2.1786626E+00             NaN
   1.0750000E+00   2.1836626E+00             NaN
   1.0800000E+00   2.1886626E+00             NaN
   1.0850000E+00   2.1936626E+00             NaN
   1.0900000E+00   2.1986626E+00             NaN
   1.0950000E+00   2.2036626E+00             NaN
   1.1000000E+00   2.2086626E+00             NaN
   1.1050000E+00   2.2136626E+00             NaN
   1.1100000E+00   2.2186626E+00             NaN
   1.1150000E+00   2.2236626E+00             NaN
   1.1200000E+00   2.2286626E+00             NaN
   1.1250000E+00   2.2336626E+00             NaN
   1.1300000E+00   2.2386626E+00             NaN
   1.1350000E+00   2.2436626E+00             NaN
   1.1400000E+00   2.2486626E+00             NaN
   1.1450000E+00   2.2536626E+00             NaN
   1.1500000E+00   2.2586626E+00             NaN
   1.1550000E+00   2.2636626E+00             NaN
   1.1600000E+00   2.2686626E+00             NaN
   1.1650000E+00   2.2736626E+00             NaN
   1.1700000E+00   2.2786626E+00             NaN
   1.1750000E+00   2.2836626E+00             NaN
   1.1800000E+00   2.2886626E+00             NaN
   1.1850000E+00   2.2936626E+00             NaN
   1.1900000E+00   2.2986626E+00             NaN
   1.1950000E+00   2.3036626E+00             NaN
   1.2000000E+00   2.3086626E+00             NaN
   1.2050000E+00   2.3136626E+00             NaN
   1.2100000E+00   2.3186626E+00             NaN
   1.2150000E+00   2.3236626E+00             NaN
   1.2200000E+00   2.3286626E+00             NaN
   1.2250000E+00   2.3336626E+00             NaN
   1.2300000E+00   2.3386626E+00             NaN
   1.2350000E+00   2.3436626E+00             NaN
   1.2400000E+00   2.3486626E+00             NaN
   1.2450000E+00   2.3536626E+00             NaN
   1.2500000E+00   2.3586626E+00             NaN
   1.2550000E+00   2.3636626E+00             NaN
   1.2600000E+00   2.3686626E+00             NaN
   1.2650000E+00   2.3736626E+00             NaN
   1.2700000E+00   2.3786626E+00             NaN
   1.2750000E+00   2.3836626E+00             NaN
   1.2800000E+00   2.3886626E+00             NaN
   1.2850000E+00   2.3936626E+00             NaN
   1.2900000E+00   2.3986626E+00             NaN
   1.2950000E+00   2.4036626E+00             NaN
   1.3000000E+00   2.4086626E+00             NaN
   1.3050000E+00   2.4136626E+00             NaN
   1.3100000E+00   2.4186626E+00             NaN
   1.3150000E+00   2.4236626E+00             NaN
   1.3200000E+00   2.4286626E+00             NaN
   1.3250000E+00   2.4336626E+00             NaN
   1.3300000E+00   2.4386626E+00             NaN
   1.3350000E+00   2.4436626E+00             NaN
   1.3400000E+00   2.4486626E+00             NaN
   1.3450000E+00   2.4536626E+00             NaN
   1.3500000E+00   2.4586626E+00             NaN
   1.3550000E+00   2.4636626E+00             NaN
   1.3600000E+00   2.4686626E+00             NaN
   1.3650000E+00   2.4736626E+00             NaN
   1.3700000E+00   2.4786626E+00             NaN
   1.3750000E+00   2.4836626E+00             NaN
   1.3800000E+00   2.4886626E+00             NaN
   1.3850000E+00   2.4936626E+00             NaN
   1.3900000E+00   2.4986626E+00             NaN
   1.3950000E+00   2.5036626E+00             NaN
   1.4000000E+00   2.5086626E+00             NaN
   1.4050000E+00   2.5136626E+00             NaN
   1.4100000E+00   2.5186626E+00             NaN
   1.4150000E+00   2.5236626E+00             NaN
   1.4200000E+00   2.5286626E+00             NaN
   1.4250000E+00   2.5336626E+00             NaN
   1.4300000E+00   2.5386626E+00             NaN
   1.4350000E+00   2.5436626E+00             NaN
   1.4400000E+00   2.5486626E+00             NaN
   1.4450000E+00   2.5536626E+00             NaN
   1.4500000E+00   2.5586626E+00             NaN
   1.4550000E+00   2.5636626E+00             NaN
   1.4600000E+00   2.5686626E+00             NaN
   1.4650000E+00   2.5736626E+00             NaN
   1.4700000E+00   2.5786626E+00             NaN
   1.4750000E+00   2.5836626E+00             NaN
   1.4800000E+00   2.5886626E+00             NaN
   1.4850000E+00   2.5936626E+00             NaN
   1.4900000E+00   2.5986626E+00             NaN
   1.4950000E+00   2.6036626E+00             NaN
   1.5000000E+00   2.6086626E+00             NaN
   1.5050000E+00   2.6136626E+00             NaN
   1.5100000E+00   2.6186626E+00             NaN
   1.5150000E+00   2.6236626E+00             NaN
   1.5200000E+00   2.6286626E+00             NaN
   1.5250000E+00   2.6336626E+00             NaN
   1.5300000E+00   2.6386626E+00             NaN
   1.5350000E+00   2.6436626E+00             NaN
   1.5400000E+00   2.6486626E+00             NaN
   1.5450000E+00   2.6536626E+00             NaN
   1.5500000E+00   2.6586626E+00             NaN
   1.5550000E+00   2.6636626E+00             NaN
   1.5600000E+00   2.6686626E+00             NaN
   1.5650000E+00   2.6736626E+00             NaN
   1.5700000E+00   2.6786626E+00             NaN
   1.5750000E+00   2.6836626E+00             NaN
   1.5800000E+00   2.6886626E+00             NaN
   1.5850000E+00   2.6936626E+00             NaN
   1.5900000E+00   2.6986626E+00             NaN
   1.5950000E+00   2.7036626E+00             NaN
   1.6000000E+00   2.7086626E+00             NaN
   1.6050000E+00   2.7136626E+00             NaN
   1.6100000E+00   2.7186626E+00             NaN
   1.6150000E+00   2.7236626E+00             NaN
   1.6200000E+00   2.7286626E+00             NaN
   1.6250000E+00   2.7336626E+00             NaN
   1.6300000E+00   2.7386626E+00             NaN
   1.6350000E+00   2.7436626E+00             NaN
   1.6400000E+00   2.7486626E+00             NaN
   1.6450000E+00   2.7536626E+00             NaN
   1.6500000E+00   2.7586626E+00             NaN
   1.6550000E+00   2.7636626E+00             NaN
   1.6600000E+00   2.7686626E+00             NaN
   1.6650000E+00   2.7736626E+00             NaN
   1.6700000E+00   2.7786626E+00             NaN
   1.6750000E+00   2.7836626E+00             NaN
   1.6800000E+00   2.7886626E+00             NaN
   1.6850000E+00   2.7936626E+00             NaN
   1.6900000E+00   2.7986626E+00             NaN
   1.6950000E+00   2.8036626E+00             NaN
   1.7000000E+00   2.8086626E+00             NaN
   1.7050000E+00   2.8136626E+00             NaN
   1.7100000E+00   2.8186626E+00             NaN
   1.7150000E+00   2.8236626E+00             NaN
   1.7200000E+00   2.8286626E+00             NaN
   1.7250000E+00   2.8336626E+00             NaN
   1.7300000E+00   2.8386626E+00             NaN
   1.7350000E+00   2.8436626E+00             NaN
   1.7400000E+00   2.8486626E+00             NaN
   1.7450000E+00   2.8536626E+00             NaN
   1.7500000E+00   2.8586626E+00             NaN
   1.7550000E+00   2.8636626E+00             NaN
   1.7600000E+00   2.8686626E+00             NaN
   1.7650000E+00   2.8736626E+00             NaN
   1.7700000E+00   2.8786626E+00             NaN
   1.7750000E+00   2.8836626E+00             NaN
   1.7800000E+00   2.8886626E+00             NaN
   1.7850000E+00   2.8936626E+00             NaN
   1.7900000E+00   2.8986626E+00             NaN
   1.7950000E+00   2.9036626E+00             NaN
   1.8000000E+00   2.9086626E+00             NaN
   1.8050000E+00   2.9136626E+00             NaN
   1.8100000E+00   2.9186626E+00             NaN
   1.8150000E+00   2.9236626E+00             NaN
   1.8200000E+00   2.9286626E+00             NaN
   1.8250000E+00   2.9336626E+00             NaN
   1.8300000E+00   2.9386626E+00             NaN
   1.8350000E+00   2.9436626E+00             NaN
   1.8400000E+00   2.9486626E+00             NaN
   1.8450000E+00   2.9536626E+00             NaN
   1.8500000E+00   2.9586626E+00             NaN
   1.8550000E+00   2.9636626E+00             NaN
   1.8600000E+00   2.9686626E+00             NaN
   1.8650000E+00   2.9736626E+00             NaN
   1.8700000E+00   2.9786626E+00             NaN
   1.8750000E+00   2.9836626E+00             NaN
   1.8800000E+00   2.9886626E+00             NaN
   1.8850000E+00   2.9936626E+00             NaN
   1.8900000E+00   2.9986626E+00             NaN
   1.8950000E+00   3.0036626E+00             NaN
   1.9000000E+00   3.0086626E+00             NaN
   1.9050000E+00   3.0136626E+00             NaN
   1.9100000E+00   3.0186626E+00             NaN
   1.9150000E+00   3.0236626E+00             NaN
   1.9200000E+00   3.0286626E+00             NaN
   1.9250000E+00   3.0336626E+00             NaN
   1.9300000E+00   3.0386626E+00             NaN
   1.9350000E+00   3.0436626E+00             NaN
   1.9400000E+00   3.0486626E+00             NaN
   1.9450000E+00   3.0536626E+00             NaN
   1.9500000E+00   3.0586626E+00             NaN
   1.9550000E+00   3.0636626E+00             NaN
   1.9600000E+00   3.0686626E+00             NaN
   1.9650000E+00   3.0736626E+00             NaN
   1.9700000E+00   3.0786626E+00             NaN
   1.9750000E+00   3.0836626E+00             NaN
   1.9800000E+00   3.0886626E+00             NaN
   1.9850000E+00   3.0936626E+00             NaN
   1.9900000E+00   3.0986626E+00             NaN
   1.9950000E+00   3.1036626E+00             NaN
   2.0000000E+00   3.1086626E+00             NaN
   2.0050000E+00   3.1136626E+00             NaN
   2.0100000E+00   3.1186626E+00             NaN
   2.0150000E+00   3.1236626E+00             NaN
   2.0200000E+00   3.1286626E+00             NaN
   2.0250000E+00   3.1336626E+00             NaN
   2.0300000E+00   3.1386626E+00             NaN
   2.0350000E+00   3.1436626E+00             NaN
   2.0400000E+00   3.1486626E+00             NaN
   2.0450000E+00   3.1536626E+00             NaN
   2.0500000E+00   3.1586626E+00             NaN
   2.0550000E+00   3.1636626E+00             NaN
   2.0600000E+00   3.1686626E+00             NaN
   2.0650000E+00   3.1736626E+00             NaN
   2.0700000E+00   3.1786626E+00             NaN
   2.0750000E+00   3.1836626E+00             NaN
   2.0800000E+00   3.1886626E+00             NaN
   2.0850000E+00   3.1936626E+00             NaN
   2.0900000E+00   3.1986626E+00             NaN
   2.0950000E+00   3.2036626E+00             NaN
   2.1000000E+00   3.2086626E+00             NaN
   2.1050000E+00   3.2136626E+00             NaN
   2.1100000E+00   3.2186626E+00             NaN
   2.1150000E+00   3.2236626E+00             NaN
   2.1200000E+00   3.2286626E+00             NaN
   2.1250000E+00   3.2336626E+00             NaN
   2.1300000E+00   3.2386626E+00             NaN
   2.1350000E+00   3.2436626E+00             NaN
   2.1400000E+00   3.2486626E+00             NaN
   2.1450000E+00   3.2536626E+00             NaN
   2.1500000E+00   3.2586626E+00             NaN
   2.1550000E+00   3.2636626E+00             NaN
   2.1600000E+00   3.2686626E+00             NaN
   2.1650000E+00   3.2736626E+00             NaN
   2.1700000E+00   3.2786626E+00             NaN
   2.1750000E+00   3.2836626E+00             NaN
   2.1800000E+00   3.2886626E+00             NaN
   2.1850000E+00   3.2936626E+00             NaN
   2.1900000E+00   3.2986626E+00             NaN
   2.1950000E+00   3.3036626E+00             NaN
   2.2000000E+00   3.3086626E+00             NaN
   2.2050000E+00   3.3136626E+00             NaN
   2.2100000E+00   3.3186626E+00             NaN
   2.2150000E+00   3.3236626E+00             NaN
   2.2200000E+00   3.3286626E+00             NaN
   2.2250000E+00   3.3336626E+00             NaN
   2.2300000E+00   3.3386626E+00             NaN
   2.2350000E+00   3.3436626E+00             NaN
   2.2400000E+00   3.3486626E+00             NaN
   2.2450000E+00   3.3536626E+00             NaN
   2.2500000E+00   3.3586626E+00             NaN
   2.2550000E+00   3.3636626E+00             NaN
   2.2600000E+00   3.3686626E+00             NaN
   2.2650000E+00   3.3736626E+00             NaN
   2.2700000E+00   3.3786626E+00             NaN
   2.2750000E+00   3.3836626E+00             NaN
   2.2800000E+00   3.3886626E+00             NaN
   2.2850000E+00   3.3936626E+00             NaN
   2.2900000E+00   3.3986626E+00             NaN
   2.2950000E+00   3.4036626E+00             NaN
   2.3000000E+00   3.4086626E+00             NaN
   2.3050000E+00   3.4136626E+00             NaN
   2.3100000E+00   3.4186626E+00             NaN
   2.3150000E+00   3.4236626E+00             NaN
   2.3200000E+00   3.4286626E+00             NaN
   2.3250000E+00   3.4336626E+00             NaN
   2.3300000E+00   3.4386626E+00             NaN
   2.3350000E+00   3.4436626E+00             NaN
   2.3400000E+00   3.4486626E+00             NaN
   2.3450000E+00   3.4536626E+00             NaN
   2.3500000E+00   3.4586626E+00             NaN
   2.3550000E+00   3.4636626E+00             NaN
   2.3600000E+00   3.4686626E+00             NaN
   2.3650000E+00   3.4736626E+00             NaN
   2.3700000E+00   3.4786626E+00             NaN
   2.3750000E+00   3.4836626E+00             NaN
   2.3800000E+00   3.4886626E+00             NaN
   2.3850000E+00   3.4936626E+00             NaN
   2.3900000E+00   3.4986626E+00             NaN
   2.3950000E+00   3.5036626E+00             NaN
   2.4000000E+00   3.5086626E+00             NaN
   2.4050000E+00   3.5136626E+00             NaN
   2.4100000E+00   3.5186626E+00             NaN
   2.4150000E+00   3.5236626E+00             NaN
   2.4200000E+00   3.5286626E+00             NaN
   2.4250000E+00   3.5336626E+00             NaN
   2.4300000E+00   3.5386626E+00             NaN
   2.4350000E+00   3.5436626E+00             NaN
   2.4400000E+00   3.5486626E+00             NaN
   2.4450000E+00   3.5536626E+00             NaN
   2.4500000E+00   3.5586626E+00             NaN
   2.4550000E+00   3.5636626E+00             NaN
   2.4600000E+00   3.5686626E+00             NaN
   2.4650000E+00   3.5736626E+00             NaN
   2.4700000E+00   3.5786626E+00             NaN
   2.4750000E+00   3.5836626E+00             NaN
   2.4800000E+00   3.5886626E+00             NaN
   2.4850000E+00   3.5936626E+00             NaN
   2.4900000E+00   3.5986626E+00             NaN
   2.4950000E+00   3.6036626E+00             NaN
   2.5000000E+00   3.6086626E+00             NaN
   2.5050000E+00   3.6136626E+00             NaN
   2.5100000E+00   3.6186626E+00             NaN
   2.5150000E+00   3.6236626E+00             NaN
   2.5200000E+00   3.6286626E+00             NaN
   2.5250000E+00   3.6336626E+00             NaN
   2.5300000E+00   3.6386626E+00             NaN
   2.5350000E+00   3.6436626E+00             NaN
   2.5400000E+00   3.6486626E+00             NaN
   2.5450000E+00   3.6536626E+00             NaN
   2.5500000E+00   3.6586626E+00             NaN
   2.5550000E+00   3.6636626E+00             NaN
   2.5600000E+00   3.6686626E+00             NaN
   2.5650000E+00   3.6736626E+00             NaN
   2.5700000E+00   3.6786626E+00             NaN
   2.5750000E+00   3.6836626E+00             NaN
   2.5800000E+00   3.6886626E+00             NaN
   2.5850000E+00   3.6936626E+00             NaN
   2.5900000E+00   3.6986626E+00             NaN
   2.5950000E+00   3.7036626E+00             NaN
   2.6000000E+00   3.7086626E+00             NaN
   2.6050000E+00   3.7136626E+00             NaN
   2.6100000E+00   3.7186626E+00             NaN
   2.6150000E+00   3.7236626E+00             NaN
   2.6200000E+00   3.7286626E+00             NaN
   2.6250000E+00   3.7336626E+00             NaN
   2.6300000E+00   3.7386626E+00             NaN
   2.6350000E+00   3.7436626E+00             NaN
   2.6400000E+00   3.7486626E+00             NaN
   2.6450000E+00   3.7536626E+00             NaN
   2.6500000E+00   3.7586626E+00             NaN
   2.6550000E+00   3.7636626E+00             NaN
   2.6600000E+00   3.7686626E+00             NaN
   2.6650000E+00   3.7736626E+00             NaN
   2.6700000E+00   3.7786626E+00             NaN
   2.6750000E+00   3.7836626E+00             NaN
   2.6800000E+00   3.7886626E+00             NaN
   2.6850000E+00   3.7936626E+00             NaN
   2.6900000E+00   3.7986626E+00             NaN
   2.6950000E+00   3.8036626E+00             NaN
   2.7000000E+00   3.8086626E+00             NaN
   2.7050000E+00   3.8136626E+00             NaN
   2.7100000E+00   3.8186626E+00             NaN
   2.7150000E+00   3.8236626E+00             NaN
   2.7200000E+00   3.8286626E+00             NaN
   2.7250000E+00   3.8336626E+00             NaN
   2.7300000E+00   3.8386626E+00             NaN
   2.7350000E+00   3.8436626E+00             NaN
   2.7400000E+00   3.8486626E+00             NaN
   2.7450000E+00   3.8536626E+00             NaN
   2.7500000E+00   3.8586626E+00             NaN
   2.7550000E+00   3.8636626E+00             NaN
   2.7600000E+00   3.8686626E+00             NaN
   2.7650000E+00   3.8736626E+00             NaN
   2.7700000E+00   3.8786626E+00             NaN
   2.7750000E+00   3.8836626E+00             NaN
   2.7800000E+00   3.8886626E+00             NaN
   2.7850000E+00   3.8936626E+00             NaN
   2.7900000E+00   3.8986626E+00             NaN
   2.7950000E+00   3.9036626E+00             NaN
   2.8000000E+00   3.9086626E+00             NaN
   2.8050000E+00   3.9136626E+00             NaN
   2.8100000E+00   3.9186626E+00             NaN
   2.8150000E+00   3.9236626E+00             NaN
   2.8200000E+00   3.9286626E+00             NaN
   2.8250000E+00   3.9336626E+00             NaN
   2.8300000E+00   3.9386626E+00             NaN
   2.8350000E+00   3.9436626E+00             NaN
   2.8400000E+00   3.9486626E+00             NaN
   2.8450000E+00   3.9536626E+00             NaN
   2.8500000E+00   3.9586626E+00             NaN
   2.8550000E+00   3.9636626E+00             NaN
   2.8600000E+00   3.9686626E+00             NaN
   2.8650000E+00   3.9736626E+00             NaN
   2.8700000E+00   3.9786626E+00             NaN
   2.8750000E+00   3.9836626E+00             NaN
   2.8800000E+00   3.9886626E+00             NaN
   2.8850000E+00   3.9936626E+00             NaN
   2.8900000E+00   3.9986626E+00             NaN
   2.8950000E+00   4.0036626E+00             NaN
   2.9000000E+00   4.0086626E+00             NaN
   2.9050000E+00   4.0136626E+00             NaN
   2.9100000E+00   4.0186626E+00             NaN
   2.9150000E+00   4.0236626E+00             NaN
   2.9200000E+00   4.0286626E+00             NaN
   2.9250000E+00   4.0336626E+00             NaN
   2.9300000E+00   4.0386626E+00             NaN
   2.9350000E+00   4.0436626E+00             NaN
   2.9400000E+00   4.0486626E+00             NaN
   2.9450000E+00   4.0536626E+00             NaN
   2.9500000E+00   4.0586626E+00             NaN
   2.9550000E+00   4.0636626E+00             NaN
   2.9600000E+00   4.0686626E+00             NaN
   2.9650000E+00   4.0736626E+00             NaN
   2.9700000E+00   4.0786626E+00             NaN
   2.9750000E+00   4.0836626E+00             NaN
   2.9800000E+00   4.0886626E+00             NaN
   2.9850000E+00   4.0936626E+00             NaN
   2.9900000E+00   4.0986626E+00             NaN
   2.9950000E+00   4.1036626E+00             NaN
   3.0000000E+00   4.1086626E+00             NaN
   3.0050000E+00   4.1136626E+00             NaN
   3.0100000E+00   4.1186626E+00             NaN
   3.0150000E+00   4.1236626E+00             NaN
   3.0200000E+00   4.1286626E+00             NaN
   3.0250000E+00   4.1336626E+00             NaN
   3.0300000E+00   4.1386626E+00             NaN
   3.0350000E+00   4.1436626E+00             NaN
   3.0400000E+00   4.1486626E+00             NaN
   3.0450000E+00   4.1536626E+00             NaN
   3.0500000E+00   4.1586626E+00             NaN
   3.0550000E+00   4.1636626E+00             NaN
   3.0600000E+00   4.1686626E+00             NaN
   3.0650000E+00   4.1736626E+00             NaN
   3.0700000E+00   4.1786626E+00             NaN
   3.0750000E+00   4.1836626E+00             NaN
   3.0800000E+00   4.1886626E+00             NaN
   3.0850000E+00   4.1936626E+00             NaN
   3.0900000E+00   4.1986626E+00             NaN
   3.0950000E+00   4.2036626E+00             NaN
   3.1000000E+00   4.2086626E+00             NaN
   3.1050000E+00   4.2136626E+00             NaN
   3.1100000E+00   4.2186626E+00             NaN
   3.1150000E+00   4.2236626E+00             NaN
   3.1200000E+00   4.2286626E+00             NaN
   3.1250000E+00   4.2336626E+00             NaN
   3.1300000E+00   4.2386626E+00             NaN
   3.1350000E+00   4.2436626E+00             NaN
   3.1400000E+00   4.2486626E+00             NaN
   3.1450000E+00   4.2536626E+00             NaN
   3.1500000E+00   4.2586626E+00             NaN
   3.1550000E+00   4.2636626E+00             NaN
   3.1600000E+00   4.2686626E+00             NaN
   3.1650000E+00   4.2736626E+00             NaN
   3.1700000E+00   4.2786626E+00             NaN
   3.1750000E+00   4.2836626E+00             NaN
   3.1800000E+00   4.2886626E+00             NaN
   3.1850000E+00   4.2936626E+00             NaN
   3.1900000E+00   4.2986626E+00             NaN
   3.1950000E+00   4.3036626E+00             NaN
   3.2000000E+00   4.3086626E+00             NaN
   3.2050000E+00   4.3136626E+00             NaN
   3.2100000E+00   4.3186626E+00             NaN
   3.2150000E+00   4.3236626E+00             NaN
   3.2200000E+00   4.3286626E+00             NaN
   3.2250000E+00   4.3336626E+00             NaN
   3.2300000E+00   4.3386626E+00             NaN
   3.2350000E+00   4.3436626E+00             NaN
   3.2400000E+00   4.3486626E+00             NaN
   3.2450000E+00   4.3536626E+00             NaN
   3.2500000E+00   4.3586626E+00             NaN
   3.2550000E+00   4.3636626E+00             NaN
   3.2600000E+00   4.3686626E+00             NaN
   3.2650000E+00   4.3736626E+00             NaN
   3.2700000E+00   4.3786626E+00             NaN
   3.2750000E+00   4.3836626E+00             NaN
   3.2800000E+00   4.3886626E+00             NaN
   3.2850000E+00   4.3936626E+00             NaN
   3.2900000E+00   4.3986626E+00             NaN
   3.2950000E+00   4.4036626E+00             NaN
   3.3000000E+00   4.4086626E+00             NaN
   3.3050000E+00   4.4136626E+00             NaN
   3.3100000E+00   4.4186626E+00             NaN
   3.3150000E+00   4.4236626E+00             NaN
   3.3200000E+00   4.4286626E+00             NaN
   3.3250000E+00   4.4336626E+00             NaN
   3.3300000E+00   4.4386626E+00             NaN
   3.3350000E+00   4.4436626E+00             NaN
   3.3400000E+00   4.4486626E+00             NaN
   3.3450000E+00   4.4536626E+00             NaN
   3.3500000E+00   4.4586626E+00             NaN
   3.3550000E+00   4.4636626E+00             NaN
   3.3600000E+00   4.4686626E+00             NaN
   3.3650000E+00   4.4736626E+00             NaN
   3.3700000E+00   4.4786626E+00             NaN
   3.3750000E+00   4.4836626E+00             NaN
   3.3800000E+00   4.4886626E+00             NaN
   3.3850000E+00   4.4936626E+00             NaN
   3.3900000E+00   4.4986626E+00             NaN
   3.3950000E+00   4.5036626E+00             NaN
   3.4000000E+00   4.5086626E+00             NaN
   3.4050000E+00   4.5136626E+00             NaN
   3.4100000E+00   4.5186626E+00             NaN
   3.4150000E+00   4.5236626E+00             NaN
   3.4200000E+00   4.5286626E+00             NaN
   3.4250000E+00   4.5336626E+00             NaN
   3.4300000E+00   4.5386626E+00             NaN
   3.4350000E+00   4.5436626E+00             NaN
   3.4400000E+00   4.5486626E+00             NaN
   3.4450000E+00   4.5536626E+00             NaN
   3.4500000E+00   4.5586626E+00             NaN
   3.4550000E+00   4.5636626E+00             NaN
   3.4600000E+00   4.5686626E+00             NaN
   3.4650000E+00   4.5736626E+00             NaN
   3.4700000E+00   4.5786626E+00             NaN
   3.4750000E+00   4.5836626E+00             NaN
   3.4800000E+00   4.5886626E+00             NaN
   3.4850000E+00   4.5936626E+00             NaN
   3.4900000E+00   4.5986626E+00             NaN
   3.4950000E+00   4.6036626E+00             NaN
   3.5000000E+00   4.6086626E+00             NaN
   3.5050000E+00   4.6136626E+00             NaN
   3.5100000E+00   4.6186626E+00             NaN
   3.5150000E+00   4.6236626E+00             NaN
   3.5200000E+00   4.6286626E+00             NaN
   3.5250000E+00   4.6336626E+00             NaN
   3.5300000E+00   4.6386626E+00             NaN
   3.5350000E+00   4.6436626E+00             NaN
   3.5400000E+00   4.6486626E+00             NaN
   3.5450000E+00   4.6536626E+00             NaN
   3.5500000E+00   4.6586626E+00             NaN
   3.5550000E+00   4.6636626E+00             NaN
   3.5600000E+00   4.6686626E+00             NaN
   3.5650000E+00   4.6736626E+00             NaN
   3.5700000E+00   4.6786626E+00             NaN
   3.5750000E+00   4.6836626E+00             NaN
   3.5800000E+00   4.6886626E+00             NaN
   3.5850000E+00   4.6936626E+00             NaN
   3.5900000E+00   4.6986626E+00             NaN
   3.5950000E+00   4.7036626E+00             NaN
   3.6000000E+00   4.7086626E+00             NaN
   3.6050000E+00   4.7136626E+00             NaN
   3.6100000E+00   4.7186626E+00             NaN
   3.6150000E+00   4.7236626E+00             NaN
   3.6200000E+00   4.7286626E+00             NaN
   3.6250000E+00   4.7336626E+00             NaN
   3.6300000E+00   4.7386626E+00             NaN
   3.6350000E+00   4.7436626E+00             NaN
   3.6400000E+00   4.7486626E+00             NaN
   3.6450000E+00   4.7536626E+00             NaN
   3.6500000E+00   4.7586626E+00             NaN
   3.6550000E+00   4.7636626E+00             NaN
   3.6600000E+00   4.7686626E+00             NaN
   3.6650000E+00   4.7736626E+00             NaN
   3.6700000E+00   4.7786626E+00             NaN
   3.6750000E+00   4.7836626E+00             NaN
   3.6800000E+00   4.7886626E+00             NaN
   3.6850000E+00   4.7936626E+00             NaN
   3.6900000E+00   4.7986626E+00             NaN
   3.6950000E+00   4.8036626E+00             NaN
   3.7000000E+00   4.8086626E+00             NaN
   3.7050000E+00   4.8136626E+00             NaN
   3.7100000E+00   4.8186626E+00             NaN
   3.7150000E+00   4.8236626E+00             NaN
   3.7200000E+00   4.8286626E+00             NaN
   3.7250000E+00   4.8336626E+00             NaN
   3.7300000E+00   4.8386626E+00             NaN
   3.7350000E+00   4.8436626E+00             NaN
   3.7400000E+00   4.8486626E+00             NaN
   3.7450000E+00   4.8536626E+00             NaN
   3.7500000E+00   4.8586626E+00             NaN
   3.7550000E+00   4.8636626E+00             NaN
   3.7600000E+00   4.8686626E+00             NaN
   3.7650000E+00   4.8736626E+00             NaN
   3.7700000E+00   4.8786626E+00             NaN
   3.7750000E+00   4.8836626E+00             NaN
   3.7800000E+00   4.8886626E+00             NaN
   3.7850000E+00   4.8936626E+00             NaN
   3.7900000E+00   4.8986626E+00             NaN
   3.7950000E+00   4.9036626E+00             NaN
   3.8000000E+00   4.9086626E+00             NaN
   3.8050000E+00   4.9136626E+00             NaN
   3.8100000E+00   4.9186626E+00             NaN
   3.8150000E+00   4.9236626E+00             NaN
   3.8200000E+00   4.9286626E+00             NaN
   3.8250000E+00   4.9336626E+00             NaN
   3.8300000E+00   4.9386626E+00             NaN
   3.8350000E+00   4.9436626E+00             NaN
   3.8400000E+00   4.9486626E+00             NaN
   3.8450000E+00   4.9536626E+00             NaN
   3.8500000E+00   4.9586626E+00             NaN
   3.8550000E+00   4.9636626E+00             NaN
   3.8600000E+00   4.9686626E+00             NaN
   3.8650000E+00   4.9736626E+00             NaN
   3.8700000E+00   4.9786626E+00             NaN
   3.8750000E+00   4.9836626E+00             NaN
   3.8800000E+00   4.9886626E+00             NaN
   3.8850000E+00   4.9936626E+00             NaN
   3.8900000E+00   4.9986626E+00             NaN
   3.8950000E+00   5.0036626E+00             NaN
   3.9000000E+00   5.0086626E+00             NaN
   3.9050000E+00   5.0136626E+00             NaN
   3.9100000E+00   5.0186626E+00             NaN
   3.9150000E+00   5.0236626E+00             NaN
   3.9200000E+00   5.0286626E+00             NaN
   3.9250000E+00   5.0336626E+00             NaN
   3.9300000E+00   5.0386626E+00             NaN
   3.9350000E+00   5.0436626E+00             NaN
   3.9400000E+00   5.0486626E+00             NaN
   3.9450000E+00   5.0536626E+00             NaN
   3.9500000E+00   5.0586626E+00             NaN
   3.9550000E+00   5.0636626E+00             NaN
   3.9600000E+00   5.0686626E+00             NaN
   3.9650000E+00   5.0736626E+00             NaN
   3.9700000E+00   5.0786626E+00             NaN
   3.9750000E+00   5.0836626E+00             NaN
   3.9800000E+00   5.0886626E+00             NaN
   3.9850000E+00   5.0936626E+00             NaN
   3.9900000E+00   5.0986626E+00             NaN
   3.9950000E+00   5.1036626E+00             NaN
   4.0000000E+00   5.1086626E+00             NaN
   4.0050000E+00   5.1136626E+00             NaN
   4.0100000E+00   5.1186626E+00             NaN
   4.0150000E+00   5.1236626E+00             NaN
   4.0200000E+00   5.1286626E+00             NaN
   4.0250000E+00   5.1336626E+00             NaN
   4.0300000E+00   5.1386626E+00             NaN
   4.0350000E+00   5.1436626E+00             NaN
   4.0400000E+00   5.1486626E+00             NaN
   4.0450000E+00   5.1536626E+00             NaN
   4.0500000E+00   5.1586626E+00             NaN
   4.0550000E+00   5.1636626E+00             NaN
   4.0600000E+00   5.1686626E+00             NaN
   4.0650000E+00   5.1736626E+00             NaN
   4.0700000E+00   5.1786626E+00             NaN
   4.0750000E+00   5.1836626E+00             NaN
   4.0800000E+00   5.1886626E+00             NaN
   4.0850000E+00   5.1936626E+00             NaN
   4.0900000E+00   5.1986626E+00             NaN
   4.0950000E+00   5.2036626E+00             NaN
   4.1000000E+00   5.2086626E+00             NaN
   4.1050000E+00   5.2136626E+00             NaN
   4.1100000E+00   5.2186626E+00             NaN
   4.1150000E+00   5.2236626E+00             NaN
   4.1200000E+00   5.2286626E+00             NaN
   4.1250000E+00   5.2336626E+00             NaN
   4.1300000E+00   5.2386626E+00             NaN
   4.1350000E+00   5.2436626E+00             NaN
   4.1400000E+00   5.2486626E+00             NaN
   4.1450000E+00   5.2536626E+00             NaN
   4.1500000E+00   5.2586626E+00             NaN
   4.1550000E+00   5.2636626E+00             NaN
   4.1600000E+00   5.2686626E+00             NaN
   4.1650000E+00   5.2736626E+00             NaN
   4.1700000E+00   5.2786626E+00             NaN
   4.1750000E+00   5.2836626E+00             NaN
   4.1800000E+00   5.2886626E+00             NaN
   4.1850000E+00   5.2936626E+00             NaN
   4.1900000E+00   5.2986626E+00             NaN
   4.1950000E+00   5.3036626E+00             NaN
   4.2000000E+00   5.3086626E+00             NaN
   4.2050000E+00   5.3136626E+00             NaN
   4.2100000E+00   5.3186626E+00             NaN
   4.2150000E+00   5.3236626E+00             NaN
   4.2200000E+00   5.3286626E+00             NaN
   4.2250000E+00   5.3336626E+00             NaN
   4.2300000E+00   5.3386626E+00             NaN
   4.2350000E+00   5.3436626E+00             NaN
   4.2400000E+00   5.3486626E+00             NaN
   4.2450000E+00   5.3536626E+00             NaN
   4.2500000E+00   5.3586626E+00             NaN
   4.2550000E+00   5.3636626E+00             NaN
   4.2600000E+00   5.3686626E+00             NaN
   4.2650000E+00   5.3736626E+00             NaN
   4.2700000E+00   5.3786626E+00             NaN
   4.2750000E+00   5.3836626E+00             NaN
   4.2800000E+00   5.3886626E+00             NaN
   4.2850000E+00   5.3936626E+00             NaN
   4.2900000E+00   5.3986626E+00             NaN
   4.2950000E+00   5.4036626E+00             NaN
   4.3000000E+00   5.4086626E+00             NaN
   4.3050000E+00   5.4136626E+00             NaN
   4.3100000E+00   5.4186626E+00             NaN
   4.3150000E+00   5.4236626E+00             NaN
   4.3200000E+00   5.4286626E+00             NaN
   4.3250000E+00   5.4336626E+00             NaN
   4.3300000E+00   5.4386626E+00             NaN
   4.3350000E+00   5.4436626E+00             NaN
   4.3400000E+00   5.4486626E+00             NaN
   4.3450000E+00   5.4536626E+00             NaN
   4.3500000E+00   5.4586626E+00             NaN
   4.3550000E+00   5.4636626E+00             NaN
   4.3600000E+00   5.4686626E+00             NaN
   4.3650000E+00   5.4736626E+00             NaN
   4.3700000E+00   5.4786626E+00             NaN
   4.3750000E+00   5.4836626E+00             NaN
   4.3800000E+00   5.4886626E+00             NaN
   4.3850000E+00   5.4936626E+00             NaN
   4.3900000E+00   5.4986626E+00             NaN
   4.3950000E+00   5.5036626E+00             NaN
   4.4000000E+00   5.5086626E+00             NaN
   4.4050000E+00   5.5136626E+00             NaN
   4.4100000E+00   5.5186626E+00             NaN
   4.4150000E+00   5.5236626E+00             NaN
   4.4200000E+00   5.5286626E+00             NaN
   4.4250000E+00   5.5336626E+00             NaN
   4.4300000E+00   5.5386626E+00             NaN
   4.4350000E+00   5.5436626E+00             NaN
   4.4400000E+00   5.5486626E+00             NaN
   4.4450000E+00   5.5536626E+00             NaN
   4.4500000E+00   5.5586626E+00             NaN
   4.4550000E+00   5.5636626E+00             NaN
   4.4600000E+00   5.5686626E+00             NaN
   4.4650000E+00   5.5736626E+00             NaN
   4.4700000E+00   5.5786626E+00             NaN
   4.4750000E+00   5.5836626E+00             NaN
   4.4800000E+00   5.5886626E+00             NaN
   4.4850000E+00   5.5936626E+00             NaN
   4.4900000E+00   5.5986626E+00             NaN
   4.4950000E+00   5.6036626E+00             NaN
   4.5000000E+00   5.6086626E+00             NaN
   4.5050000E+00   5.6136626E+00             NaN
   4.5100000E+00   5.6186626E+00             NaN
   4.5150000E+00   5.6236626E+00             NaN
   4.5200000E+00   5.6286626E+00             NaN
   4.5250000E+00   5.6336626E+00             NaN
   4.5300000E+00   5.6386626E+00             NaN
   4.5350000E+00   5.6436626E+00             NaN
   4.5400000E+00   5.6486626E+00             NaN
   4.5450000E+00   5.6536626E+00             NaN
   4.5500000E+00   5.6586626E+00             NaN
   4.5550000E+00   5.6636626E+00             NaN
   4.5600000E+00   5.6686626E+00             NaN
   4.5650000E+00   5.6736626E+00             NaN
   4.5700000E+00   5.6786626E+00             NaN
   4.5750000E+00   5.6836626E+00             NaN
   4.5800000E+00   5.6886626E+00             NaN
   4.5850000E+00   5.6936626E+00             NaN
   4.5900000E+00   5.6986626E+00             NaN
   4.5950000E+00   5.7036626E+00             NaN
   4.6000000E+00   5.7086626E+00             NaN
   4.6050000E+00   5.7136626E+00             NaN
   4.6100000E+00   5.7186626E+00             NaN
   4.6150000E+00   5.7236626E+00             NaN
   4.6200000E+00   5.7286626E+00             NaN
   4.6250000E+00   5.7336626E+00             NaN
   4.6300000E+00   5.7386626E+00             NaN
   4.6350000E+00   5.7436626E+00             NaN
   4.6400000E+00   5.7486626E+00             NaN
   4.6450000E+00   5.7536626E+00             NaN
   4.6500000E+00   5.7586626E+00             NaN
   4.6550000E+00   5.7636626E+00             NaN
   4.6600000E+00   5.7686626E+00             NaN
   4.6650000E+00   5.7736626E+00             NaN
   4.6700000E+00   5.7786626E+00             NaN
   4.6750000E+00   5.7836626E+00             NaN
   4.6800000E+00   5.7886626E+00             NaN
   4.6850000E+00   5.7936626E+00             NaN
   4.6900000E+00   5.7986626E+00             NaN
   4.6950000E+00   5.8036626E+00             NaN
   4.7000000E+00   5.8086626E+00             NaN
   4.7050000E+00   5.8136626E+00             NaN
   4.7100000E+00   5.8186626E+00             NaN
   4.7150000E+00   5.8236626E+00             NaN
   4.7200000E+00   5.8286626E+00             NaN
   4.7250000E+00   5.8336626E+00             NaN
   4.7300000E+00   5.8386626E+00             NaN
   4.7350000E+00   5.8436626E+00             NaN
   4.7400000E+00   5.8486626E+00             NaN
   4.7450000E+00   5.8536626E+00             NaN
   4.7500000E+00   5.8586626E+00             NaN
   4.7550000E+00   5.8636626E+00             NaN
   4.7600000E+00   5.8686626E+00             NaN
   4.7650000E+00   5.8736626E+00             NaN
   4.7700000E+00   5.8786626E+00             NaN
   4.7750000E+00   5.8836626E+00             NaN
   4.7800000E+00   5.8886626E+00             NaN
   4.7850000E+00   5.8936626E+00             NaN
   4.7900000E+00   5.8986626E+00             NaN
   4.7950000E+00   5.9036626E+00             NaN
   4.8000000E+00   5.9086626E+00             NaN
   4.8050000E+00   5.9136626E+00             NaN
   4.8100000E+00   5.9186626E+00             NaN
   4.8150000E+00   5.9236626E+00             NaN
   4.8200000E+00   5.9286626E+00             NaN
   4.8250000E+00   5.9336626E+00             NaN
   4.8300000E+00   5.9386626E+00             NaN
   4.8350000E+00   5.9436626E+00             NaN
   4.8400000E+00   5.9486626E+00             NaN
   4.8450000E+00   5.9536626E+00             NaN
   4.8500000E+00   5.9586626E+00             NaN
   4.8550000E+00   5.9636626E+00             NaN
   4.8600000E+00   5.9686626E+00             NaN
   4.8650000E+00   5.9736626E+00             NaN
   4.8700000E+00   5.9786626E+00             NaN
   4.8750000E+00   5.9836626E+00             NaN
   4.8800000E+00   5.9886626E+00             NaN
   4.8850000E+00   5.9936626E+00             NaN
   4.8900000E+00   5.9986626E+00             NaN
   4.8950000E+00   6.0036626E+00             NaN
   4.9000000E+00   6.0086626E+00             NaN
   4.9050000E+00   6.0136626E+00             NaN
   4.9100000E+00   6.0186626E+00             NaN
   4.9150000E+00   6.0236626E+00             NaN
   4.9200000E+00   6.0286626E+00             NaN
   4.9250000E+00   6.0336626E+00             NaN
   4.9300000E+00   6.0386626E+00             NaN
   4.9350000E+00   6.0436626E+00             NaN
   4.9400000E+00   6.0486626E+00             NaN
   4.9450000E+00   6.0536626E+00             NaN
   4.9500000E+00   6.0586626E+00             NaN
   4.9550000E+00   6.0636626E+00             NaN
   4.9600000E+00   6.0686626E+00             NaN
   4.9650000E+00   6.0736626E+00             NaN
   4.9700000E+00   6.0786626E+00             NaN
   4.9750000E+00   6.0836626E+00             NaN
   4.9800000E+00   6.0886626E+00             NaN
   4.9850000E+00   6.0936626E+00             NaN
   4.9900000E+00   6.0986626E+00             NaN
   4.9950000E+00   6.1036626E+00             NaN
   5.0000000E+00   6.1086626E+00             NaN
   5.0050000E+00   6.1136626E+00             NaN
   5.0100000E+00   6.1186626E+00             NaN
   5.0150000E+00   6.1236626E+00             NaN
   5.0200000E+00   6.1286626E+00             NaN
   5.0250000E+00   6.1336626E+00             NaN
   5.0300000E+00   6.1386626E+00             NaN
   5.0350000E+00   6.1436626E+00             NaN
   5.0400000E+00   6.1486626E+00             NaN
   5.0450000E+00   6.1536626E+00             NaN
   5.0500000E+00   6.1586626E+00             NaN
   5.0550000E+00   6.1636626E+00             NaN
   5.0600000E+00   6.1686626E+00             NaN
   5.0650000E+00   6.1736626E+00             NaN
   5.0700000E+00   6.1786626E+00             NaN
   5.0750000E+00   6.1836626E+00             NaN
   5.0800000E+00   6.1886626E+00             NaN
   5.0850000E+00   6.1936626E+00             NaN
   5.0900000E+00   6.1986626E+00             NaN
   5.0950000E+00   6.2036626E+00             NaN
   5.1000000E+00   6.2086626E+00             NaN
   5.1050000E+00   6.2136626E+00             NaN
   5.1100000E+00   6.2186626E+00             NaN
   5.1150000E+00   6.2236626E+00             NaN
   5.1200000E+00   6.2286626E+00             NaN
   5.1250000E+00   6.2336626E+00             NaN
   5.1300000E+00   6.2386626E+00             NaN
   5.1350000E+00   6.2436626E+00             NaN
   5.1400000E+00   6.2486626E+00             NaN
   5.1450000E+00   6.2536626E+00             NaN
   5.1500000E+00   6.2586626E+00             NaN
   5.1550000E+00   6.2636626E+00             NaN
   5.1600000E+00   6.2686626E+00             NaN
   5.1650000E+00   6.2736626E+00             NaN
   5.1700000E+00   6.2786626E+00             NaN
   5.1750000E+00   6.2836626E+00             NaN
   5.1800000E+00   6.2886626E+00             NaN
   5.1850000E+00   6.2936626E+00             NaN
   5.1900000E+00   6.2986626E+00             NaN
   5.1950000E+00   6.3036626E+00             NaN
   5.2000000E+00   6.3086626E+00             NaN
   5.2050000E+00   6.3136626E+00             NaN
   5.2100000E+00   6.3186626E+00             NaN
   5.2150000E+00   6.3236626E+00             NaN
   5.2200000E+00   6.3286626E+00             NaN
   5.2250000E+00   6.3336626E+00             NaN
   5.2300000E+00   6.3386626E+00             NaN
   5.2350000E+00   6.3436626E+00             NaN
   5.2400000E+00   6.3486626E+00             NaN
   5.2450000E+00   6.3536626E+00             NaN
   5.2500000E+00   6.3586626E+00             NaN
   5.2550000E+00   6.3636626E+00             NaN
   5.2600000E+00   6.3686626E+00             NaN
   5.2650000E+00   6.3736626E+00             NaN
   5.2700000E+00   6.3786626E+00             NaN
   5.2750000E+00   6.3836626E+00             NaN
   5.2800000E+00   6.3886626E+00             NaN
   5.2850000E+00   6.3936626E+00             NaN
   5.2900000E+00   6.3986626E+00             NaN
   5.2950000E+00   6.4036626E+00             NaN
   5.3000000E+00   6.4086626E+00             NaN
   5.3050000E+00   6.4136626E+00             NaN
   5.3100000E+00   6.4186626E+00             NaN
   5.3150000E+00   6.4236626E+00             NaN
   5.3200000E+00   6.4286626E+00             NaN
   5.3250000E+00   6.4336626E+00             NaN
   5.3300000E+00   6.4386626E+00             NaN
   5.3350000E+00   6.4436626E+00             NaN
   5.3400000E+00   6.4486626E+00             NaN
   5.3450000E+00   6.4536626E+00             NaN
   5.3500000E+00   6.4586626E+00             NaN
   5.3550000E+00   6.4636626E+00             NaN
   5.3600000E+00   6.4686626E+00             NaN
   5.3650000E+00   6.4736626E+00             NaN
   5.3700000E+00   6.4786626E+00             NaN
   5.3750000E+00   6.4836626E+00             NaN
   5.3800000E+00   6.4886626E+00             NaN
   5.3850000E+00   6.4936626E+00             NaN
   5.3900000E+00   6.4986626E+00             NaN
   5.3950000E+00   6.5036626E+00             NaN
   5.4000000E+00   6.5086626E+00             NaN
   5.4050000E+00   6.5136626E+00             NaN
   5.4100000E+00   6.5186626E+00             NaN
   5.4150000E+00   6.5236626E+00             NaN
   5.4200000E+00   6.5286626E+00             NaN
   5.4250000E+00   6.5336626E+00             NaN
   5.4300000E+00   6.5386626E+00             NaN
   5.4350000E+00   6.5436626E+00             NaN
   5.4400000E+00   6.5486626E+00             NaN
   5.4450000E+00   6.5536626E+00             NaN
   5.4500000E+00   6.5586626E+00             NaN
   5.4550000E+00   6.5636626E+00             NaN
   5.4600000E+00   6.5686626E+00             NaN
   5.4650000E+00   6.5736626E+00             NaN
   5.4700000E+00   6.5786626E+00             NaN
   5.4750000E+00   6.5836626E+00             NaN
   5.4800000E+00   6.5886626E+00             NaN
   5.4850000E+00   6.5936626E+00             NaN
   5.4900000E+00   6.5986626E+00             NaN
   5.4950000E+00   6.6036626E+00             NaN
   5.5000000E+00   6.6086626E+00             NaN
   5.5050000E+00   6.6136626E+00             NaN
   5.5100000E+00   6.6186626E+00             NaN
   5.5150000E+00   6.6236626E+00             NaN
   5.5200000E+00   6.6286626E+00             NaN
   5.5250000E+00   6.6336626E+00             NaN
   5.5300000E+00   6.6386626E+00             NaN
   5.5350000E+00   6.6436626E+00             NaN
   5.5400000E+00   6.6486626E+00             NaN
   5.5450000E+00   6.6536626E+00             NaN
   5.5500000E+00   6.6586626E+00             NaN
   5.5550000E+00   6.6636626E+00             NaN
   5.5600000E+00   6.6686626E+00             NaN
   5.5650000E+00   6.6736626E+00             NaN
   5.5700000E+00   6.6786626E+00             NaN
   5.5750000E+00   6.6836626E+00             NaN
   5.5800000E+00   6.6886626E+00             NaN
   5.5850000E+00   6.6936626E+00             NaN
   5.5900000E+00   6.6986626E+00             NaN
   5.5950000E+00   6.7036626E+00             NaN
   5.6000000E+00   6.7086626E+00             NaN
   5.6050000E+00   6.7136626E+00             NaN
   5.6100000E+00   6.7186626E+00             NaN
   5.6150000E+00   6.7236626E+00             NaN
   5.6200000E+00   6.7286626E+00             NaN
   5.6250000E+00   6.7336626E+00             NaN
   5.6300000E+00   6.7386626E+00             NaN
   5.6350000E+00   6.7436626E+00             NaN
   5.6400000E+00   6.7486626E+00             NaN
   5.6450000E+00   6.7536626E+00             NaN
   5.6500000E+00   6.7586626E+00             NaN
   5.6550000E+00   6.7636626E+00             NaN
   5.6600000E+00   6.7686626E+00             NaN
   5.6650000E+00   6.7736626E+00             NaN
   5.6700000E+00   6.7786626E+00             NaN
   5.6750000E+00   6.7836626E+00             NaN
   5.6800000E+00   6.7886626E+00             NaN
   5.6850000E+00   6.7936626E+00             NaN
   5.6900000E+00   6.7986626E+00             NaN
   5.6950000E+00   6.8036626E+00             NaN
   5.7000000E+00   6.8086626E+00             NaN
   5.7050000E+00   6.8136626E+00             NaN
   5.7100000E+00   6.8186626E+00             NaN
   5.7150000E+00   6.8236626E+00             NaN
   5.7200000E+00   6.8286626E+00             NaN
   5.7250000E+00   6.8336626E+00             NaN
   5.7300000E+00   6.8386626E+00             NaN
   5.7350000E+00   6.8436626E+00             NaN
   5.7400000E+00   6.8486626E+00             NaN
   5.7450000E+00   6.8536626E+00             NaN
   5.7500000E+00   6.8586626E+00             NaN
   5.7550000E+00   6.8636626E+00             NaN
   5.7600000E+00   6.8686626E+00             NaN
   5.7650000E+00   6.8736626E+00             NaN
   5.7700000E+00   6.8786626E+00             NaN
   5.7750000E+00   6.8836626E+00             NaN
   5.7800000E+00   6.8886626E+00             NaN
   5.7850000E+00   6.8936626E+00             NaN
   5.7900000E+00   6.8986626E+00             NaN
   5.7950000E+00   6.9036626E+00             NaN
   5.8000000E+00   6.9086626E+00             NaN
   5.8050000E+00   6.9136626E+00             NaN
   5.8100000E+00   6.9186626E+00             NaN
   5.8150000E+00   6.9236626E+00             NaN
   5.8200000E+00   6.9286626E+00             NaN
   5.8250000E+00   6.9336626E+00             NaN
   5.8300000E+00   6.9386626E+00             NaN
   5.8350000E+00   6.9436626E+00             NaN
   5.8400000E+00   6.9486626E+00             NaN
   5.8450000E+00   6.9536626E+00             NaN
   5.8500000E+00   6.9586626E+00             NaN
   5.8550000E+00   6.9636626E+00             NaN
   5.8600000E+00   6.9686626E+00             NaN
   5.8650000E+00   6.9736626E+00             NaN
   5.8700000E+00   6.9786626E+00             NaN
   5.8750000E+00   6.9836626E+00             NaN
   5.8800000E+00   6.9886626E+00             NaN
   5.8850000E+00   6.9936626E+00             NaN
   5.8900000E+00   6.9986626E+00             NaN
   5.8950000E+00   7.0036626E+00             NaN
   5.9000000E+00   7.0086626E+00             NaN
   5.9050000E+00   7.0136626E+00             NaN
   5.9100000E+00   7.0186626E+00             NaN
   5.9150000E+00   7.0236626E+00             NaN
   5.9200000E+00   7.0286626E+00             NaN
   5.9250000E+00   7.0336626E+00             NaN
   5.9300000E+00   7.0386626E+00             NaN
   5.9350000E+00   7.0436626E+00             NaN
   5.9400000E+00   7.0486626E+00             NaN
   5.9450000E+00   7.0536626E+00             NaN
   5.9500000E+00   7.0586626E+00             NaN
   5.9550000E+00   7.0636626E+00             NaN
   5.9600000E+00   7.0686626E+00             NaN
   5.9650000E+00   7.0736626E+00             NaN
   5.9700000E+00   7.0786626E+00             NaN
   5.9750000E+00   7.0836626E+00             NaN
   5.9800000E+00   7.0886626E+00             NaN
   5.9850000E+00   7.0936626E+00             NaN
   5.9900000E+00   7.0986626E+00             NaN
   5.9950000E+00   7.1036626E+00             NaN
   6.0000000E+00   7.1086626E+00             NaN
   6.0050000E+00   7.1136626E+00             NaN
   6.0100000E+00   7.1186626E+00             NaN
   6.0150000E+00   7.1236626E+00             NaN
   6.0200000E+00   7.1286626E+00             NaN
   6.0250000E+00   7.1336626E+00             NaN
   6.0300000E+00   7.1386626E+00             NaN
   6.0350000E+00   7.1436626E+00             NaN
   6.0400000E+00   7.1486626E+00             NaN
   6.0450000E+00   7.1536626E+00             NaN
   6.0500000E+00   7.1586626E+00             NaN
   6.0550000E+00   7.1636626E+00             NaN
   6.0600000E+00   7.1686626E+00             NaN
   6.0650000E+00   7.1736626E+00             NaN
   6.0700000E+00   7.1786626E+00             NaN
   6.0750000E+00   7.1836626E+00             NaN
   6.0800000E+00   7.1886626E+00             NaN
   6.0850000E+00   7.1936626E+00             NaN
   6.0900000E+00   7.1986626E+00             NaN
   6.0950000E+00   7.2036626E+00             NaN
   6.1000000E+00   7.2086626E+00             NaN
   6.1050000E+00   7.2136626E+00             NaN
   6.1100000E+00   7.2186626E+00             NaN
   6.1150000E+00   7.2236626E+00             NaN
   6.1200000E+00   7.2286626E+00             NaN
   6.1250000E+00   7.2336626E+00             NaN
   6.1300000E+00   7.2386626E+00             NaN
   6.1350000E+00   7.2436626E+00             NaN
   6.1400000E+00   7.2486626E+00             NaN
   6.1450000E+00   7.2536626E+00             NaN
   6.1500000E+00   7.2586626E+00             NaN
   6.1550000E+00   7.2636626E+00             NaN
   6.1600000E+00   7.2686626E+00             NaN
   6.1650000E+00   7.2736626E+00             NaN
   6.1700000E+00   7.2786626E+00             NaN
   6.1750000E+00   7.2836626E+00             NaN
   6.1800000E+00   7.2886626E+00             NaN
   6.1850000E+00   7.2936626E+00             NaN
   6.1900000E+00   7.2986626E+00             NaN
   6.1950000E+00   7.3036626E+00             NaN
   6.2000000E+00   7.3086626E+00             NaN
   6.2050000E+00   7.3136626E+00             NaN
   6.2100000E+00   7.3186626E+00             NaN
   6.2150000E+00   7.3236626E+00             NaN
   6.2200000E+00   7.3286626E+00             NaN
   6.2250000E+00   7.3336626E+00             NaN
   6.2300000E+00   7.3386626E+00             NaN
   6.2350000E+00   7.3436626E+00             NaN
   6.2400000E+00   7.3486626E+00             NaN
   6.2450000E+00   7.3536626E+00             NaN
   6.2500000E+00   7.3586626E+00             NaN
   6.2550000E+00   7.3636626E+00             NaN
   6.2600000E+00   7.3686626E+00             NaN
   6.2650000E+00   7.3736626E+00             NaN
   6.2700000E+00   7.3786626E+00             NaN
   6.2750000E+00   7.3836626E+00             NaN
   6.2800000E+00   7.3886626E+00             NaN
   6.2850000E+00   7.3936626E+00             NaN
   6.2900000E+00   7.3986626E+00             NaN
   6.2950000E+00   7.4036626E+00             NaN
   6.3000000E+00   7.4086626E+00             NaN
   6.3050000E+00   7.4136626E+00             NaN
   6.3100000E+00   7.4186626E+00             NaN
   6.3150000E+00   7.4236626E+00             NaN
   6.3200000E+00   7.4286626E+00             NaN
   6.3250000E+00   7.4336626E+00             NaN
   6.3300000E+00   7.4386626E+00             NaN
   6.3350000E+00   7.4436626E+00             NaN
   6.3400000E+00   7.4486626E+00             NaN
   6.3450000E+00   7.4536626E+00             NaN
   6.3500000E+00   7.4586626E+00             NaN
   6.3550000E+00   7.4636626E+00             NaN
   6.3600000E+00   7.4686626E+00             NaN
   6.3650000E+00   7.4736626E+00             NaN
   6.3700000E+00   7.4786626E+00             NaN
   6.3750000E+00   7.4836626E+00             NaN
   6.3800000E+00   7.4886626E+00             NaN
   6.3850000E+00   7.4936626E+00             NaN
   6.3900000E+00   7.4986626E+00             NaN
   6.3950000E+00   7.5036626E+00             NaN
   6.4000000E+00   7.5086626E+00             NaN
   6.4050000E+00   7.5136626E+00             NaN
   6.4100000E+00   7.5186626E+00             NaN
   6.4150000E+00   7.5236626E+00             NaN
   6.4200000E+00   7.5286626E+00             NaN
   6.4250000E+00   7.5336626E+00             NaN
   6.4300000E+00   7.5386626E+00             NaN
   6.4350000E+00   7.5436626E+00             NaN
   6.4400000E+00   7.5486626E+00             NaN
   6.4450000E+00   7.5536626E+00             NaN
   6.4500000E+00   7.5586626E+00             NaN
   6.4550000E+00   7.5636626E+00             NaN
   6.4600000E+00   7.5686626E+00             NaN
   6.4650000E+00   7.5736626E+00             NaN
   6.4700000E+00   7.5786626E+00             NaN
   6.4750000E+00   7.5836626E+00             NaN
   6.4800000E+00   7.5886626E+00             NaN
   6.4850000E+00   7.5936626E+00             NaN
   6.4900000E+00   7.5986626E+00             NaN
   6.4950000E+00   7.6036626E+00             NaN
   6.5000000E+00   7.6086626E+00             NaN
   6.5050000E+00   7.6136626E+00             NaN
   6.5100000E+00   7.6186626E+00             NaN
   6.5150000E+00   7.6236626E+00             NaN
   6.5200000E+00   7.6286626E+00             NaN
   6.5250000E+00   7.6336626E+00             NaN
   6.5300000E+00   7.6386626E+00             NaN
   6.5350000E+00   7.6436626E+00             NaN
   6.5400000E+00   7.6486626E+00             NaN
   6.5450000E+00   7.6536626E+00             NaN
   6.5500000E+00   7.6586626E+00             NaN
   6.5550000E+00   7.6636626E+00             NaN
   6.5600000E+00   7.6686626E+00             NaN
   6.5650000E+00   7.6736626E+00             NaN
   6.5700000E+00   7.6786626E+00             NaN
   6.5750000E+00   7.6836626E+00             NaN
   6.5800000E+00   7.6886626E+00             NaN
   6.5850000E+00   7.6936626E+00             NaN
   6.5900000E+00   7.6986626E+00             NaN
   6.5950000E+00   7.7036626E+00             NaN
   6.6000000E+00   7.7086626E+00             NaN
   6.6050000E+00   7.7136626E+00             NaN
   6.6100000E+00   7.7186626E+00             NaN
   6.6150000E+00   7.7236626E+00             NaN
   6.6200000E+00   7.7286626E+00             NaN
   6.6250000E+00   7.7336626E+00             NaN
   6.6300000E+00   7.7386626E+00             NaN
   6.6350000E+00   7.7436626E+00             NaN
   6.6400000E+00   7.7486626E+00             NaN
   6.6450000E+00   7.7536626E+00             NaN
   6.6500000E+00   7.7586626E+00             NaN
   6.6550000E+00   7.7636626E+00             NaN
   6.6600000E+00   7.7686626E+00             NaN
   6.6650000E+00   7.7736626E+00             NaN
   6.6700000E+00   7.7786626E+00             NaN
   6.6750000E+00   7.7836626E+00             NaN
   6.6800000E+00   7.7886626E+00             NaN
   6.6850000E+00   7.7936626E+00             NaN
   6.6900000E+00   7.7986626E+00             NaN
   6.6950000E+00   7.8036626E+00             NaN
   6.7000000E+00   7.8086626E+00             NaN
   6.7050000E+00   7.8136626E+00             NaN
   6.7100000E+00   7.8186626E+00             NaN
   6.7150000E+00   7.8236626E+00             NaN
   6.7200000E+00   7.8286626E+00             NaN
   6.7250000E+00   7.8336626E+00             NaN
   6.7300000E+00   7.8386626E+00             NaN
   6.7350000E+00   7.8436626E+00             NaN
   6.7400000E+00   7.8486626E+00             NaN
   6.7450000E+00   7.8536626E+00             NaN
   6.7500000E+00   7.8586626E+00             NaN
   6.7550000E+00   7.8636626E+00             NaN
   6.7600000E+00   7.8686626E+00             NaN
   6.7650000E+00   7.8736626E+00             NaN
   6.7700000E+00   7.8786626E+00             NaN
   6.7750000E+00   7.8836626E+00             NaN
   6.7800000E+00   7.8886626E+00             NaN
   6.7850000E+00   7.8936626E+00             NaN
   6.7900000E+00   7.8986626E+00             NaN
   6.7950000E+00   7.9036626E+00             NaN
   6.8000000E+00   7.9086626E+00             NaN
   6.8050000E+00   7.9136626E+00             NaN
   6.8100000E+00   7.9186626E+00             NaN
   6.8150000E+00   7.9236626E+00             NaN
   6.8200000E+00   7.9286626E+00             NaN
   6.8250000E+00   7.9336626E+00             NaN
   6.8300000E+00   7.9386626E+00             NaN
   6.8350000E+00   7.9436626E+00             NaN
   6.8400000E+00   7.9486626E+00             NaN
   6.8450000E+00   7.9536626E+00             NaN
   6.8500000E+00   7.9586626E+00             NaN
   6.8550000E+00   7.9636626E+00             NaN
   6.8600000E+00   7.9686626E+00             NaN
   6.8650000E+00   7.9736626E+00             NaN
   6.8700000E+00   7.9786626E+00             NaN
   6.8750000E+00   7.9836626E+00             NaN
   6.8800000E+00   7.9886626E+00             NaN
   6.8850000E+00   7.9936626E+00             NaN
   6.8900000E+00   7.9986626E+00             NaN
   6.8950000E+00   8.0036626E+00             NaN
   6.9000000E+00   8.0086626E+00             NaN
   6.9050000E+00   8.0136626E+00             NaN
   6.9100000E+00   8.0186626E+00             NaN
   6.9150000E+00   8.0236626E+00             NaN
   6.9200000E+00   8.0286626E+00             NaN
   6.9250000E+00   8.0336626E+00             NaN
   6.9300000E+00   8.0386626E+00             NaN
   6.9350000E+00   8.0436626E+00             NaN
   6.9400000E+00   8.0486626E+00             NaN
   6.9450000E+00   8.0536626E+00             NaN
   6.9500000E+00   8.0586626E+00             NaN
   6.9550000E+00   8.0636626E+00             NaN
   6.9600000E+00   8.0686626E+00             NaN
   6.9650000E+00   8.0736626E+00             NaN
   6.9700000E+00   8.0786626E+00             NaN
   6.9750000E+00   8.0836626E+00             NaN
   6.9800000E+00   8.0886626E+00             NaN
   6.9850000E+00   8.0936626E+00             NaN
   6.9900000E+00   8.0986626E+00             NaN
   6.9950000E+00   8.1036626E+00             NaN
   7.0000000E+00   8.1086626E+00             NaN
   7.0050000E+00   8.1136626E+00             NaN
   7.0100000E+00   8.1186626E+00             NaN
   7.0150000E+00   8.1236626E+00             NaN
   7.0200000E+00   8.1286626E+00             NaN
   7.0250000E+00   8.1336626E+00             NaN
   7.0300000E+00   8.1386626E+00             NaN
   7.0350000E+00   8.1436626E+00             NaN
   7.0400000E+00   8.1486626E+00             NaN
   7.0450000E+00   8.1536626E+00             NaN
   7.0500000E+00   8.1586626E+00             NaN
   7.0550000E+00   8.1636626E+00             NaN
   7.0600000E+00   8.1686626E+00             NaN
   7.0650000E+00   8.1736626E+00             NaN
   7.0700000E+00   8.1786626E+00             NaN
   7.0750000E+00   8.1836626E+00             NaN
   7.0800000E+00   8.1886626E+00             NaN
   7.0850000E+00   8.1936626E+00             NaN
   7.0900000E+00   8.1986626E+00             NaN
   7.0950000E+00   8.2036626E+00             NaN
   7.1000000E+00   8.2086626E+00             NaN
   7.1050000E+00   8.2136626E+00             NaN
   7.1100000E+00   8.2186626E+00             NaN
   7.1150000E+00   8.2236626E+00             NaN
   7.1200000E+00   8.2286626E+00             NaN
   7.1250000E+00   8.2336626E+00             NaN
   7.1300000E+00   8.2386626E+00             NaN
   7.1350000E+00   8.2436626E+00             NaN
   7.1400000E+00   8.2486626E+00             NaN
   7.1450000E+00   8.2536626E+00             NaN
   7.1500000E+00   8.2586626E+00             NaN
   7.1550000E+00   8.2636626E+00             NaN
   7.1600000E+00   8.2686626E+00             NaN
   7.1650000E+00   8.2736626E+00             NaN
   7.1700000E+00   8.2786626E+00             NaN
   7.1750000E+00   8.2836626E+00             NaN
   7.1800000E+00   8.2886626E+00             NaN
   7.1850000E+00   8.2936626E+00             NaN
   7.1900000E+00   8.2986626E+00             NaN
   7.1950000E+00   8.3036626E+00             NaN
   7.2000000E+00   8.3086626E+00             NaN
   7.2050000E+00   8.3136626E+00             NaN
   7.2100000E+00   8.3186626E+00             NaN
   7.2150000E+00   8.3236626E+00             NaN
   7.2200000E+00   8.3286626E+00             NaN
   7.2250000E+00   8.3336626E+00             NaN
   7.2300000E+00   8.3386626E+00             NaN
   7.2350000E+00   8.3436626E+00             NaN
   7.2400000E+00   8.3486626E+00             NaN
   7.2450000E+00   8.3536626E+00             NaN
   7.2500000E+00   8.3586626E+00             NaN
   7.2550000E+00   8.3636626E+00             NaN
   7.2600000E+00   8.3686626E+00             NaN
   7.2650000E+00   8.3736626E+00             NaN
   7.2700000E+00   8.3786626E+00             NaN
   7.2750000E+00   8.3836626E+00             NaN
   7.2800000E+00   8.3886626E+00             NaN
   7.2850000E+00   8.3936626E+00             NaN
   7.2900000E+00   8.3986626E+00             NaN
   7.2950000E+00   8.4036626E+00             NaN
   7.3000000E+00   8.4086626E+00             NaN
   7.3050000E+00   8.4136626E+00             NaN
   7.3100000E+00   8.4186626E+00             NaN
   7.3150000E+00   8.4236626E+00             NaN
   7.3200000E+00   8.4286626E+00             NaN
   7.3250000E+00   8.4336626E+00             NaN
   7.3300000E+00   8.4386626E+00             NaN
   7.3350000E+00   8.4436626E+00             NaN
   7.3400000E+00   8.4486626E+00             NaN
   7.3450000E+00   8.4536626E+00             NaN
   7.3500000E+00   8.4586626E+00             NaN
   7.3550000E+00   8.4636626E+00             NaN
   7.3600000E+00   8.4686626E+00             NaN
   7.3650000E+00   8.4736626E+00             NaN
   7.3700000E+00   8.4786626E+00             NaN
   7.3750000E+00   8.4836626E+00             NaN
   7.3800000E+00   8.4886626E+00             NaN
   7.3850000E+00   8.4936626E+00             NaN
   7.3900000E+00   8.4986626E+00             NaN
   7.3950000E+00   8.5036626E+00             NaN
   7.4000000E+00   8.5086626E+00             NaN
   7.4050000E+00   8.5136626E+00             NaN
   7.4100000E+00   8.5186626E+00             NaN
   7.4150000E+00   8.5236626E+00             NaN
   7.4200000E+00   8.5286626E+00             NaN
   7.4250000E+00   8.5336626E+00             NaN
   7.4300000E+00   8.5386626E+00             NaN
   7.4350000E+00   8.5436626E+00             NaN
   7.4400000E+00   8.5486626E+00             NaN
   7.4450000E+00   8.5536626E+00             NaN
   7.4500000E+00   8.5586626E+00             NaN
   7.4550000E+00   8.5636626E+00             NaN
   7.4600000E+00   8.5686626E+00             NaN
   7.4650000E+00   8.5736626E+00             NaN
   7.4700000E+00   8.5786626E+00             NaN
   7.4750000E+00   8.5836626E+00             NaN
   7.4800000E+00   8.5886626E+00             NaN
   7.4850000E+00   8.5936626E+00             NaN
   7.4900000E+00   8.5986626E+00             NaN
   7.4950000E+00   8.6036626E+00             NaN
   7.5000000E+00   8.6086626E+00             NaN
   7.5050000E+00   8.6136626E+00             NaN
   7.5100000E+00   8.6186626E+00             NaN
   7.5150000E+00   8.6236626E+00             NaN
   7.5200000E+00   8.6286626E+00             NaN
   7.5250000E+00   8.6336626E+00             NaN
   7.5300000E+00   8.6386626E+00             NaN
   7.5350000E+00   8.6436626E+00             NaN
   7.5400000E+00   8.6486626E+00             NaN
   7.5450000E+00   8.6536626E+00             NaN
   7.5500000E+00   8.6586626E+00             NaN
   7.5550000E+00   8.6636626E+00             NaN
   7.5600000E+00   8.6686626E+00             NaN
   7.5650000E+00   8.6736626E+00             NaN
   7.5700000E+00   8.6786626E+00             NaN
   7.5750000E+00   8.6836626E+00             NaN
   7.5800000E+00   8.6886626E+00             NaN
   7.5850000E+00   8.6936626E+00             NaN
   7.5900000E+00   8.6986626E+00             NaN
   7.5950000E+00   8.7036626E+00             NaN
   7.6000000E+00   8.7086626E+00             NaN
   7.6050000E+00   8.7136626E+00             NaN
   7.6100000E+00   8.7186626E+00             NaN
   7.6150000E+00   8.7236626E+00             NaN
   7.6200000E+00   8.7286626E+00             NaN
   7.6250000E+00   8.7336626E+00             NaN
   7.6300000E+00   8.7386626E+00             NaN
   7.6350000E+00   8.7436626E+00             NaN
   7.6400000E+00   8.7486626E+00             NaN
   7.6450000E+00   8.7536626E+00             NaN
   7.6500000E+00   8.7586626E+00             NaN
   7.6550000E+00   8.7636626E+00             NaN
   7.6600000E+00   8.7686626E+00             NaN
   7.6650000E+00   8.7736626E+00             NaN
   7.6700000E+00   8.7786626E+00             NaN
   7.6750000E+00   8.7836626E+00             NaN
   7.6800000E+00   8.7886626E+00             NaN
   7.6850000E+00   8.7936626E+00             NaN
   7.6900000E+00   8.7986626E+00             NaN
   7.6950000E+00   8.8036626E+00             NaN
   7.7000000E+00   8.8086626E+00             NaN
   7.7050000E+00   8.8136626E+00             NaN
   7.7100000E+00   8.8186626E+00             NaN
   7.7150000E+00   8.8236626E+00             NaN
   7.7200000E+00   8.8286626E+00             NaN
   7.7250000E+00   8.8336626E+00             NaN
   7.7300000E+00   8.8386626E+00             NaN
   7.7350000E+00   8.8436626E+00             NaN
   7.7400000E+00   8.8486626E+00             NaN
   7.7450000E+00   8.8536626E+00             NaN
   7.7500000E+00   8.8586626E+00             NaN
   7.7550000E+00   8.8636626E+00             NaN
   7.7600000E+00   8.8686626E+00             NaN
   7.7650000E+00   8.8736626E+00             NaN
   7.7700000E+00   8.8786626E+00             NaN
   7.7750000E+00   8.8836626E+00             NaN
   7.7800000E+00   8.8886626E+00             NaN
   7.7850000E+00   8.8936626E+00             NaN
   7.7900000E+00   8.8986626E+00             NaN
   7.7950000E+00   8.9036626E+00             NaN
   7.8000000E+00   8.9086626E+00             NaN
   7.8050000E+00   8.9136626E+00             NaN
   7.8100000E+00   8.9186626E+00             NaN
   7.8150000E+00   8.9236626E+00             NaN
   7.8200000E+00   8.9286626E+00             NaN
   7.8250000E+00   8.9336626E+00             NaN
   7.8300000E+00   8.9386626E+00             NaN
   7.8350000E+00   8.9436626E+00             NaN
   7.8400000E+00   8.9486626E+00             NaN
   7.8450000E+00   8.9536626E+00             NaN
   7.8500000E+00   8.9586626E+00             NaN
   7.8550000E+00   8.9636626E+00             NaN
   7.8600000E+00   8.9686626E+00             NaN
   7.8650000E+00   8.9736626E+00             NaN
   7.8700000E+00   8.9786626E+00             NaN
   7.8750000E+00   8.9836626E+00             NaN
   7.8800000E+00   8.9886626E+00             NaN
   7.8850000E+00   8.9936626E+00             NaN
   7.8900000E+00   8.9986626E+00             NaN
   7.8950000E+00   9.0036626E+00             NaN
   7.9000000E+00   9.0086626E+00             NaN
   7.9050000E+00   9.0136626E+00             NaN
   7.9100000E+00   9.0186626E+00             NaN
   7.9150000E+00   9.0236626E+00             NaN
   7.9200000E+00   9.0286626E+00             NaN
   7.9250000E+00   9.0336626E+00             NaN
   7.9300000E+00   9.0386626E+00             NaN
   7.9350000E+00   9.0436626E+00             NaN
   7.9400000E+00   9.0486626E+00             NaN
   7.9450000E+00   9.0536626E+00             NaN
   7.9500000E+00   9.0586626E+00             NaN
   7.9550000E+00   9.0636626E+00             NaN
   7.9600000E+00   9.0686626E+00             NaN
   7.9650000E+00   9.0736626E+00             NaN
   7.9700000E+00   9.0786626E+00             NaN
   7.9750000E+00   9.0836626E+00             NaN
   7.9800000E+00   9.0886626E+00             NaN
   7.9850000E+00   9.0936626E+00             NaN
   7.9900000E+00   9.0986626E+00             NaN
   7.9950000E+00   9.1036626E+00             NaN
   8.0000000E+00   9.1086626E+00             NaN
