   0.0000000000000000        0.0000000000000000       0.32816939928822525        1.0860441634579647       0.32816939928822525       0.56840607319804526        0.0000000000000000        0.0000000000000000        0.0000000000000000       0.75787476416973942     
   0.0000000000000000        0.0000000000000000      -0.53589838489319863       0.53589838489319863       0.46410161510680137       0.80384757743984037        0.0000000000000000        0.0000000000000000        0.0000000000000000        1.0717967697863973     
   0.0000000000000000        0.0000000000000000      -0.46410161510680137       0.46410161510680137      -0.46410161510680137        1.1961524225601596        0.0000000000000000        0.0000000000000000        0.0000000000000000       0.92820323021360263     
  -0.0000000000000000       -0.0000000000000000       0.40192378871992018      -0.40192378871992018       0.40192378871992018       -1.0358983849932411        1.0000000000000000       -0.0000000000000000       -0.0000000000000000      -0.80384757743984026     
  -0.0000000000000000       -0.0000000000000000      -0.32816939928822525       0.32816939928822525      -0.32816939928822525      -0.56840607319804526       -0.0000000000000000       -0.0000000000000000       -0.0000000000000000      -0.75787476416973942     
   0.0000000000000000        0.0000000000000000       0.26794919234655690      -0.26794919234655690       0.26794919234655690       0.46410161510680137        0.0000000000000000        0.0000000000000000        0.0000000000000000      -0.53589838469311379     
  -0.0000000000000000       -0.0000000000000000       0.76794919244659932      -0.76794919244659932       0.76794919244659932      -0.40192378871992018        1.0000000000000000       -0.0000000000000000        1.0000000000000000      -0.53589838489319852     
   1.0000000000000000        0.0000000000000000        1.0000000000000000        0.0000000000000000        1.0000000000000000        0.0000000000000000        1.0000000000000000        0.0000000000000000        1.0000000000000000        0.0000000000000000     
   0.0000000000000000        1.0000000000000000       0.23205080755340068       0.76794919244659932       0.23205080755340068       0.40192378871992018        0.0000000000000000        0.0000000000000000        0.0000000000000000       0.53589838489319863     
   0.0000000000000000        0.0000000000000000      -0.23205080755340068       0.23205080755340068      -0.23205080755340068       0.59807621128007982        0.0000000000000000        1.0000000000000000        0.0000000000000000       0.46410161510680137     
