0.707106781d0    0.0d0  0.0d0          0.0d0  0.707106781d0  0.0d0           0.0d0 0.0d0 0.0d0 0.0d0
0.707106781d0   -1.0d0  0.0d0          0.0d0 -0.707106781d0  0.0d0           0.0d0 0.0d0 0.0d0 0.0d0
0.0d0            1.0d0 -0.866025404d0  0.0d0  0.0d0          0.5d0           0.0d0 0.0d0 0.0d0 0.0d0
0.0d0            0.0d0  0.866025404d0  1.0d0  0.0d0          0.0d0           0.0d0 0.0d0 0.0d0 0.0d0
0.0d0            0.0d0  0.0d0          0.0d0 -0.707106781d0 -0.866025404d0   0.0d0 0.0d0 0.0d0 0.0d0
0.0d0            0.0d0  0.5d0          0.0d0  0.0d0          0.866025404d0   0.0d0 0.0d0 0.0d0 0.0d0
0.0d0            0.0d0  0.0d0         -1.0d0  0.707106781d0 -0.5d0           1.0d0 0.0d0 0.0d0 0.0d0
-0.707106781d0   0.0d0  0.0d0          0.0d0  0.0d0          0.0d0          -1.0d0 1.0d0 0.0d0 0.0d0
-0.707106781d0   0.0d0  0.0d0          0.0d0  0.0d0          0.0d0           0.0d0 0.0d0 1.0d0 0.0d0
0.0d0            0.0d0 -0.5d0          0.0d0  0.0d0          0.0d0           0.0d0 0.0d0 0.0d0 1.0d0


400.0d0
0.0d0
0.0d0
0.0d0
0.0d0
200.0d0
0.0d0
0.0d0
0.0d0
0.0d0

# 4->1 ; 3->2 ; 5->3 ; 7->4 ; 10->5 ; 6->6 ; 9->7 ; 1->8 ; 2->9 ; 8->10
