−7.07106781d-1  0.0d0  0.0d0         0.0d0  0.0d0          0.0d0         -1.0d0 1.0d0 0.0d0 0.0d0
−7.07106781d-1  0.0d0  0.0d0         0.0d0  0.0d0          0.0d0          0.0d0 0.0d0 1.0d0 0.0d0
 7.07106781d-1 -1.0d0  0.0d0         0.0d0 −7.07106781d-1  0.0d0          0.0d0 0.0d0 0.0d0 0.0d0
 7.07106781d-1  0.0d0  0.0d0         0.0d0  7.07106781d-1  0.0d0          0.0d0 0.0d0 0.0d0 0.0d0
 0.0d0          1.0d0 -8.66025404d-1 0.0d0  0.0d0          5.0d-1         0.0d0 0.0d0 0.0d0 0.0d0
 0.0d0          0.0d0  5.0d-1        0.0d0  0.0d0          8.66025404d-1  0.0d0 0.0d0 0.0d0 0.0d0
 0.0d0          0.0d0  8.66025404d-1 1.0d0  0.0d0          0.0d0          0.0d0 0.0d0 0.0d0 0.0d0
 0.0d0          0.0d0 -5.0d-1        0.0d0  0.0d0          0.0d0          0.0d0 0.0d0 0.0d0 1.0d0
 0.0d0          0.0d0  0.0d0        -1.0d0  7.07106781d-1 -5.0d-1         1.0d0 0.0d0 0.0d0 0.0d0
 0.0d0          0.0d0  0.0d0         0.0d0 -7.07106781d-1 -8.66025404d-1  0.0d0 0.0d0 0.0d0 0.0d0

0
0
0
400
0
200
0
0
0
0
