-0.707106781d0   0.0d0  0.0d0          0.0d0  0.0d0          0.0d0          -1.0d0 1.0d0 0.0d0 0.0d0
-0.707106781d0   0.0d0  0.0d0          0.0d0  0.0d0          0.0d0           0.0d0 0.0d0 1.0d0 0.0d0
0.707106781d0   -1.0d0  0.0d0          0.0d0 -0.707106781d0  0.0d0           0.0d0 0.0d0 0.0d0 0.0d0
0.707106781d0    0.0d0  0.0d0          0.0d0  0.707106781d0  0.0d0           0.0d0 0.0d0 0.0d0 0.0d0
0.0d0            1.0d0 -0.866025404d0  0.0d0  0.0d0          0.5d0           0.0d0 0.0d0 0.0d0 0.0d0
0.0d0            0.0d0  0.5d0          0.0d0  0.0d0          0.866025404d0   0.0d0 0.0d0 0.0d0 0.0d0
0.0d0            0.0d0  0.866025404d0  1.0d0  0.0d0          0.0d0           0.0d0 0.0d0 0.0d0 0.0d0
0.0d0            0.0d0 -0.5d0          0.0d0  0.0d0          0.0d0           0.0d0 0.0d0 0.0d0 1.0d0
0.0d0            0.0d0  0.0d0         -1.0d0  0.707106781d0 -0.5d0           1.0d0 0.0d0 0.0d0 0.0d0
0.0d0            0.0d0  0.0d0          0.0d0 -0.707106781d0 -0.866025404d0   0.0d0 0.0d0 0.0d0 0.0d0



1000.0d0 # Fuerza AX
0.0d0 # Fuerza AY
1000.0d0 # Fuerza BX
400.0d0 # Fuerza BY
0.0d0 # Fuerza CX
200.0d0 # Fuerza CY
0.0d0 # Fuerza DX
0.0d0 # Fuerza DY
0.0d0 # Fuerza EX
0.0d0 # Fuerza EY
