-0.707106781d0   0.0d0  0.0d0          0.0d0  0.0d0          0.0d0          -1.0d0 1.0d0 0.0d0 0.0d0
-0.707106781d0   0.0d0  0.0d0          0.0d0  0.0d0          0.0d0           0.0d0 0.0d0 1.0d0 0.0d0
0.707106781d0   -1.0d0  0.0d0          0.0d0 -0.707106781d0  0.0d0           0.0d0 0.0d0 0.0d0 0.0d0
0.707106781d0    0.0d0  0.0d0          0.0d0  0.707106781d0  0.0d0           0.0d0 0.0d0 0.0d0 0.0d0
0.0d0            1.0d0 -0.866025404d0  0.0d0  0.0d0          0.5d0           0.0d0 0.0d0 0.0d0 0.0d0
0.0d0            0.0d0  0.5d0          0.0d0  0.0d0          0.866025404d0   0.0d0 0.0d0 0.0d0 0.0d0
0.0d0            0.0d0  0.866025404d0  1.0d0  0.0d0          0.0d0           0.0d0 0.0d0 0.0d0 0.0d0
0.0d0            0.0d0 -0.5d0          0.0d0  0.0d0          0.0d0           0.0d0 0.0d0 0.0d0 1.0d0
0.0d0            0.0d0  0.0d0         -1.0d0  0.707106781d0 -0.5d0           1.0d0 0.0d0 0.0d0 0.0d0
0.0d0            0.0d0  0.0d0          0.0d0 -0.707106781d0 -0.866025404d0   0.0d0 0.0d0 0.0d0 0.0d0



0.0d0
0.0d0
0.0d0
400.0d0
1000.0d0
200.0d0
1000.0d0
0.0d0
0.0d0
0.0d0
