   0.0000000E+00  2.3520952E+02  3.1698349E+02  3.4104916E+02  3.4610638E+02  3.4692806E+02  3.4703660E+02  3.4704866E+02  3.4704981E+02  3.4704982E+02  3.4704876E+02  3.4703776E+02  3.4694022E+02  3.4621608E+02  3.4188300E+02  3.2215041E+02
   2.6010903E+02  8.6940891E+01  2.4899512E+01  5.1669234E+00  8.3384334E-01  1.0970206E-01  1.2160258E-02  1.1634633E-03  9.7861847E-05  7.3412331E-06  4.9686145E-07  3.0628453E-08  1.7332817E-09  9.0650802E-11  4.4067821E-12  2.0011259E-13
   8.5125183E-15  0.0000000E+00
   0.0000000E+00  9.6890052E+01  1.4282240E+02  1.5633994E+02  1.5918056E+02  1.5964210E+02  1.5970307E+02  1.5970984E+02  1.5971049E+02  1.5971049E+02  1.5970990E+02  1.5970372E+02  1.5964893E+02  1.5924218E+02  1.5680831E+02  1.4572464E+02
   1.1087596E+02  4.8834585E+01  1.3985912E+01  2.9022381E+00  4.6837071E-01  6.1620854E-02  6.8307259E-03  6.5356905E-04  5.4975663E-05  4.1242783E-06  2.7915135E-07  1.7209117E-08  9.7394713E-10  5.0941789E-11  2.4766466E-12  1.1247614E-13
   4.7850998E-15  0.0000000E+00
   0.0000000E+00  3.0816262E+01  4.5425121E+01  4.9724412E+01  5.0627889E+01  5.0774689E+01  5.0794081E+01  5.0796236E+01  5.0796441E+01  5.0796443E+01  5.0796253E+01  5.0794289E+01  5.0776861E+01  5.0647489E+01  4.9873384E+01  4.6348199E+01
   3.5264525E+01  1.5531937E+01  4.4482627E+00  9.2307743E-01  1.4897199E-01  1.9600039E-02  2.1727764E-03  2.0790419E-04  1.7489223E-05  1.3121424E-06  8.8819922E-08  5.4761026E-09  3.0995268E-10  1.6213842E-11  7.8837378E-13  3.5808787E-14
   1.5236518E-15  0.0000000E+00
   0.0000000E+00  6.7669475E+00  9.9749204E+00  1.0919018E+01  1.1117420E+01  1.1149658E+01  1.1153917E+01  1.1154391E+01  1.1154436E+01  1.1154436E+01  1.1154394E+01  1.1153963E+01  1.1150136E+01  1.1121725E+01  1.0951733E+01  1.0177628E+01
   7.7437601E+00  3.4106800E+00  9.7681259E-01  2.0270715E-01  3.2715274E-02  4.3045015E-03  4.7720608E-04  4.5665079E-05  3.8417275E-06  2.8825518E-07  1.9514243E-08  1.2032700E-09  6.8114906E-11  3.5636329E-12  1.7330237E-13  7.8728548E-15
   3.3504522E-16  0.0000000E+00
   0.0000000E+00  1.1308912E+00  1.6670130E+00  1.8247958E+00  1.8579550E+00  1.8633433E+00  1.8640551E+00  1.8641343E+00  1.8641418E+00  1.8641419E+00  1.8641349E+00  1.8640628E+00  1.8634231E+00  1.8586745E+00  1.8302638E+00  1.7008918E+00
   1.2941419E+00  5.7000062E-01  1.6325074E-01  3.3878786E-02  5.4680119E-03  7.1949389E-04  7.9770224E-05  7.6340480E-06  6.4230053E-07  4.8198675E-08  3.2633311E-09  2.0124689E-10  1.1393839E-11  5.9619442E-13  2.8998240E-14  1.3175792E-15
   5.6082862E-17  0.0000000E+00
   0.0000000E+00  1.5233266E-01  2.2455039E-01  2.4580505E-01  2.5027209E-01  2.5099801E-01  2.5109392E-01  2.5110458E-01  2.5110560E-01  2.5110561E-01  2.5110467E-01  2.5109495E-01  2.5100876E-01  2.5036903E-01  2.4654172E-01  2.2911437E-01
   1.7432398E-01  7.6781715E-02  2.1991326E-02  4.5639795E-03  7.3666576E-04  9.6939056E-05  1.0748516E-05  1.0287361E-06  8.6563350E-08  6.4965515E-09  4.3991243E-10  2.7132940E-11  1.5364046E-12  8.0407496E-14  3.9116377E-15  1.7776543E-16
   7.5681418E-18  0.0000000E+00
   0.0000000E+00  1.7184641E-02  2.5331739E-02  2.7729644E-02  2.8233635E-02  2.8315542E-02  2.8326364E-02  2.8327567E-02  2.8327682E-02  2.8327683E-02  2.8327577E-02  2.8326480E-02  2.8316755E-02  2.8244573E-02  2.7812764E-02  2.5846668E-02
   1.9665666E-02  8.6620272E-03  2.4810252E-03  5.1492963E-04  8.3119897E-05  1.0938789E-05  1.2129990E-06  1.1610818E-07  9.7711399E-09  7.3341834E-10  4.9670460E-11  3.0640596E-12  1.7353205E-13  9.0834259E-15  4.4197338E-16  2.0089745E-17
   8.5548221E-19  0.0000000E+00
   0.0000000E+00  1.8055669E-03  2.6616037E-03  2.9135726E-03  2.9665352E-03  2.9751433E-03  2.9762809E-03  2.9764073E-03  2.9764194E-03  2.9764195E-03  2.9764084E-03  2.9762931E-03  2.9752708E-03  2.9676850E-03  2.9223082E-03  2.7157161E-03
   2.0662713E-03  9.1014924E-04  2.6070447E-04  5.4112417E-05  8.7355933E-06  1.1497443E-06  1.2750966E-07  1.2206806E-08  1.0274174E-09  7.7129723E-11  5.2244705E-12  3.2234519E-13  1.8259519E-14  9.5598413E-16  4.6525840E-17  2.1153165E-18
   9.0099019E-20  0.0000000E+00
   0.0000000E+00  1.8055669E-03  2.6616037E-03  2.9135726E-03  2.9665352E-03  2.9751433E-03  2.9762809E-03  2.9764073E-03  2.9764194E-03  2.9764195E-03  2.9764084E-03  2.9762931E-03  2.9752708E-03  2.9676850E-03  2.9223082E-03  2.7157161E-03
   2.0662713E-03  9.1014924E-04  2.6070447E-04  5.4112417E-05  8.7355933E-06  1.1497443E-06  1.2750966E-07  1.2206806E-08  1.0274174E-09  7.7129723E-11  5.2244705E-12  3.2234519E-13  1.8259519E-14  9.5598413E-16  4.6525840E-17  2.1153165E-18
   9.0099019E-20  0.0000000E+00
   0.0000000E+00  1.7184641E-02  2.5331739E-02  2.7729644E-02  2.8233635E-02  2.8315542E-02  2.8326364E-02  2.8327567E-02  2.8327682E-02  2.8327683E-02  2.8327577E-02  2.8326480E-02  2.8316755E-02  2.8244573E-02  2.7812764E-02  2.5846668E-02
   1.9665666E-02  8.6620272E-03  2.4810252E-03  5.1492963E-04  8.3119897E-05  1.0938789E-05  1.2129990E-06  1.1610818E-07  9.7711399E-09  7.3341834E-10  4.9670460E-11  3.0640596E-12  1.7353205E-13  9.0834259E-15  4.4197338E-16  2.0089745E-17
   8.5548221E-19  0.0000000E+00
   0.0000000E+00  1.5233266E-01  2.2455039E-01  2.4580505E-01  2.5027209E-01  2.5099801E-01  2.5109392E-01  2.5110458E-01  2.5110560E-01  2.5110561E-01  2.5110467E-01  2.5109495E-01  2.5100876E-01  2.5036903E-01  2.4654172E-01  2.2911437E-01
   1.7432398E-01  7.6781715E-02  2.1991326E-02  4.5639795E-03  7.3666576E-04  9.6939056E-05  1.0748516E-05  1.0287361E-06  8.6563350E-08  6.4965515E-09  4.3991243E-10  2.7132940E-11  1.5364046E-12  8.0407496E-14  3.9116377E-15  1.7776543E-16
   7.5681418E-18  0.0000000E+00
   0.0000000E+00  1.1308912E+00  1.6670130E+00  1.8247958E+00  1.8579550E+00  1.8633433E+00  1.8640551E+00  1.8641343E+00  1.8641418E+00  1.8641419E+00  1.8641349E+00  1.8640628E+00  1.8634231E+00  1.8586745E+00  1.8302638E+00  1.7008918E+00
   1.2941419E+00  5.7000062E-01  1.6325074E-01  3.3878786E-02  5.4680119E-03  7.1949389E-04  7.9770224E-05  7.6340480E-06  6.4230053E-07  4.8198675E-08  3.2633311E-09  2.0124689E-10  1.1393839E-11  5.9619442E-13  2.8998240E-14  1.3175792E-15
   5.6082862E-17  0.0000000E+00
   0.0000000E+00  6.7669475E+00  9.9749204E+00  1.0919018E+01  1.1117420E+01  1.1149658E+01  1.1153917E+01  1.1154391E+01  1.1154436E+01  1.1154436E+01  1.1154394E+01  1.1153963E+01  1.1150136E+01  1.1121725E+01  1.0951733E+01  1.0177628E+01
   7.7437601E+00  3.4106800E+00  9.7681259E-01  2.0270715E-01  3.2715274E-02  4.3045015E-03  4.7720608E-04  4.5665079E-05  3.8417275E-06  2.8825518E-07  1.9514243E-08  1.2032700E-09  6.8114906E-11  3.5636329E-12  1.7330237E-13  7.8728548E-15
   3.3504522E-16  0.0000000E+00
   0.0000000E+00  3.0816262E+01  4.5425121E+01  4.9724412E+01  5.0627889E+01  5.0774689E+01  5.0794081E+01  5.0796236E+01  5.0796441E+01  5.0796443E+01  5.0796253E+01  5.0794289E+01  5.0776861E+01  5.0647489E+01  4.9873384E+01  4.6348199E+01
   3.5264525E+01  1.5531937E+01  4.4482627E+00  9.2307743E-01  1.4897199E-01  1.9600039E-02  2.1727764E-03  2.0790419E-04  1.7489223E-05  1.3121424E-06  8.8819922E-08  5.4761026E-09  3.0995268E-10  1.6213842E-11  7.8837378E-13  3.5808787E-14
   1.5236518E-15  0.0000000E+00
   0.0000000E+00  9.6890052E+01  1.4282240E+02  1.5633994E+02  1.5918056E+02  1.5964210E+02  1.5970307E+02  1.5970984E+02  1.5971049E+02  1.5971049E+02  1.5970990E+02  1.5970372E+02  1.5964893E+02  1.5924218E+02  1.5680831E+02  1.4572464E+02
   1.1087596E+02  4.8834585E+01  1.3985912E+01  2.9022381E+00  4.6837071E-01  6.1620854E-02  6.8307259E-03  6.5356905E-04  5.4975663E-05  4.1242783E-06  2.7915135E-07  1.7209117E-08  9.7394713E-10  5.0941789E-11  2.4766466E-12  1.1247614E-13
   4.7850998E-15  0.0000000E+00
   0.0000000E+00  2.3520952E+02  3.1698349E+02  3.4104916E+02  3.4610638E+02  3.4692806E+02  3.4703660E+02  3.4704866E+02  3.4704981E+02  3.4704982E+02  3.4704876E+02  3.4703776E+02  3.4694022E+02  3.4621608E+02  3.4188300E+02  3.2215041E+02
   2.6010903E+02  8.6940891E+01  2.4899512E+01  5.1669234E+00  8.3384334E-01  1.0970206E-01  1.2160258E-02  1.1634633E-03  9.7861847E-05  7.3412331E-06  4.9686145E-07  3.0628453E-08  1.7332817E-09  9.0650802E-11  4.4067821E-12  2.0011259E-13
   8.5125183E-15  0.0000000E+00
