   0.0000000E+00  1.1295287E+03  2.0359370E+03  2.6594051E+03  3.0212311E+03  3.2010157E+03  3.2786005E+03  3.3080609E+03  3.3180186E+03  3.3210449E+03  3.3218792E+03  3.3220894E+03  3.3221381E+03  3.3221486E+03  3.3221507E+03  3.3221511E+03
   3.3221512E+03  3.3221512E+03  3.3221511E+03  3.3221508E+03  3.3221490E+03  3.3221403E+03  3.3221003E+03  3.3219301E+03  3.3212660E+03  3.3189038E+03  3.3113083E+03  3.2894434E+03  3.2337235E+03  3.1096588E+03  2.8718975E+03  2.4861907E+03
   1.9654892E+03  1.3566620E+03  8.3596051E+02  4.5025364E+02  2.1249239E+02  8.8427671E+01  3.2707804E+01  1.0842830E+01  3.2474040E+00  8.8521402E-01  2.2110444E-01  5.0910666E-02  1.0865112E-02  2.1596344E-03  4.0154700E-04  7.0113502E-05
   1.1537416E-05  1.7949152E-06  2.6476913E-07  3.7130141E-08  4.9621644E-09  6.3337919E-10  7.7373187E-11  9.0629375E-12  1.0196619E-12  1.1037090E-13  1.1511127E-14  1.1583921E-15  1.1262576E-16  1.0592496E-17  9.6480230E-19  8.5194187E-20
   7.2523640E-21  0.0000000E+00
   0.0000000E+00  9.9086615E+02  1.8092933E+03  2.3722340E+03  2.6989316E+03  2.8612610E+03  2.9313130E+03  2.9579131E+03  2.9669040E+03  2.9696365E+03  2.9703898E+03  2.9705796E+03  2.9706237E+03  2.9706331E+03  2.9706350E+03  2.9706354E+03
   2.9706354E+03  2.9706354E+03  2.9706354E+03  2.9706351E+03  2.9706335E+03  2.9706256E+03  2.9705895E+03  2.9704358E+03  2.9698361E+03  2.9677033E+03  2.9608453E+03  2.9411032E+03  2.8907932E+03  2.7787738E+03  2.5640956E+03  2.2158331E+03
   1.7456684E+03  1.2249670E+03  7.5480230E+02  4.0653981E+02  1.9186159E+02  7.9842209E+01  2.9532265E+01  9.7901782E+00  2.9321669E+00  7.9929487E-01  1.9964787E-01  4.5971285E-02  9.8112637E-03  1.9502315E-03  3.6262672E-04  6.3320583E-05
   1.0420150E-05  1.6211898E-06  2.3915759E-07  3.3540739E-08  4.4827937E-09  5.7223614E-10  6.9909820E-11  8.1894585E-12  9.2147419E-13  9.9752691E-14  1.0404786E-14  1.0471728E-15  1.0182400E-16  9.5777286E-18  8.7248204E-19  7.7052041E-20
   6.5601089E-21  0.0000000E+00
   0.0000000E+00  7.3396936E+02  1.3401955E+03  1.7571727E+03  1.9991589E+03  2.1193959E+03  2.1712833E+03  2.1909861E+03  2.1976458E+03  2.1996699E+03  2.2002280E+03  2.2003686E+03  2.2004012E+03  2.2004082E+03  2.2004096E+03  2.2004099E+03
   2.2004099E+03  2.2004099E+03  2.2004099E+03  2.2004097E+03  2.2004085E+03  2.2004027E+03  2.2003759E+03  2.2002620E+03  2.1998178E+03  2.1982379E+03  2.1931581E+03  2.1785351E+03  2.1412707E+03  2.0582981E+03  1.8992845E+03  1.6413209E+03
   1.2930584E+03  9.0735153E+02  5.5908904E+02  3.0112541E+02  1.4211187E+02  5.9139216E+01  2.1874807E+01  7.2518215E+00  2.1719977E+00  5.9210325E-01  1.4790428E-01  3.4059199E-02  7.2696039E-03  1.4451615E-03  2.6874531E-04  4.6933548E-05
   7.7246069E-06  1.2020065E-06  1.7735123E-07  2.4877475E-08  3.3256197E-09  4.2461542E-10  5.1887384E-11  6.0797860E-12  6.8427732E-13  7.4096168E-14  7.7309462E-15  7.7830967E-16  7.5705058E-17  7.1233439E-18  6.4912820E-19  5.7347772E-20
   4.8843341E-21  0.0000000E+00
   0.0000000E+00  4.5243947E+02  8.2613123E+02  1.0831623E+03  1.2323247E+03  1.3064396E+03  1.3384236E+03  1.3505689E+03  1.3546743E+03  1.3559221E+03  1.3562661E+03  1.3563528E+03  1.3563730E+03  1.3563773E+03  1.3563781E+03  1.3563783E+03
   1.3563783E+03  1.3563783E+03  1.3563783E+03  1.3563782E+03  1.3563774E+03  1.3563739E+03  1.3563573E+03  1.3562871E+03  1.3560133E+03  1.3550393E+03  1.3519079E+03  1.3428940E+03  1.3199239E+03  1.2687791E+03  1.1707616E+03  1.0117480E+03
   7.9706979E+02  5.5930854E+02  3.4463033E+02  1.8561678E+02  8.7599216E+01  3.6454406E+01  1.3484328E+01  4.4704361E+00  1.3390223E+00  3.6505651E-01  9.1198256E-02  2.1003548E-02  4.4836418E-03  8.9147283E-04  1.6581124E-04  2.8963271E-05
   4.7680591E-06  7.4213506E-07  1.0952949E-07  1.5368581E-08  2.0551354E-09  2.6249060E-10  3.2087774E-11  3.7612790E-12  4.2350485E-13  4.5878627E-14  4.7890028E-15  4.8236068E-16  4.6941888E-17  4.4192115E-18  4.0292618E-19  3.5616763E-20
   3.0352281E-21  0.0000000E+00
   0.0000000E+00  2.3608410E+02  4.3107613E+02  5.6519359E+02  6.4302544E+02  6.8169833E+02  6.9838784E+02  7.0472564E+02  7.0686809E+02  7.0751934E+02  7.0769893E+02  7.0774420E+02  7.0775470E+02  7.0775695E+02  7.0775740E+02  7.0775749E+02
   7.0775750E+02  7.0775750E+02  7.0775749E+02  7.0775742E+02  7.0775704E+02  7.0775516E+02  7.0774654E+02  7.0770989E+02  7.0756695E+02  7.0705864E+02  7.0542450E+02  7.0072085E+02  6.8873499E+02  6.6204795E+02  6.1090314E+02  5.2793049E+02
   4.1591111E+02  2.9184639E+02  1.7982701E+02  9.6854362E+01  4.5709552E+01  1.9022516E+01  7.0366585E+00  2.3330048E+00  6.9886345E-01  1.9055233E-01  4.7610389E-02  1.0966817E-02  2.3415504E-03  4.6566919E-04  8.6634796E-05  1.5137261E-05
   2.4927283E-06  3.8811658E-07  5.7301840E-08  8.0434388E-09  1.0760468E-09  1.3749893E-10  1.6816363E-11  1.9721817E-12  2.2217772E-13  2.4082138E-14  2.5152658E-15  2.5349906E-16  2.4685507E-17  2.3254906E-18  2.1217524E-19  1.8768689E-20
   1.6006171E-21  0.0000000E+00
   0.0000000E+00  1.0602981E+02  1.9360416E+02  2.5383865E+02  2.8879459E+02  3.0616381E+02  3.1365993E+02  3.1650676E+02  3.1746920E+02  3.1776179E+02  3.1784249E+02  3.1786283E+02  3.1786756E+02  3.1786857E+02  3.1786877E+02  3.1786881E+02
   3.1786882E+02  3.1786882E+02  3.1786881E+02  3.1786878E+02  3.1786861E+02  3.1786776E+02  3.1786389E+02  3.1784742E+02  3.1778319E+02  3.1755483E+02  3.1682075E+02  3.1470800E+02  3.0932463E+02  2.9733877E+02  2.7436869E+02  2.3710429E+02
   1.8679434E+02  1.3107448E+02  8.0764531E+01  4.3500122E+01  2.0530045E+01  8.5441874E+00  3.1608152E+00  1.0480675E+00  3.1399237E-01  8.5626250E-02  2.1398017E-02  4.9299793E-03  1.0528694E-03  2.0944450E-04  3.8977890E-05  6.8127413E-06
   1.1223085E-06  1.7481407E-07  2.5821036E-08  3.6262004E-09  4.8535563E-10  6.2052745E-11  7.5934697E-12  8.9107709E-13  1.0044829E-13  1.0894924E-14  1.1387108E-15  1.1484694E-16  1.1192101E-17  1.0551725E-18  9.6350842E-20  8.5301987E-21
   7.2808840E-22  0.0000000E+00
   0.0000000E+00  4.1607061E+01  7.5972133E+01  9.9609011E+01  1.1332656E+02  1.2014296E+02  1.2308494E+02  1.2420234E+02  1.2458015E+02  1.2469503E+02  1.2472672E+02  1.2473471E+02  1.2473656E+02  1.2473696E+02  1.2473704E+02  1.2473706E+02
   1.2473706E+02  1.2473706E+02  1.2473706E+02  1.2473704E+02  1.2473698E+02  1.2473664E+02  1.2473512E+02  1.2472865E+02  1.2470343E+02  1.2461378E+02  1.2432562E+02  1.2349638E+02  1.2138363E+02  1.1667998E+02  1.0766609E+02  9.3043103E+01
   7.3301016E+01  5.1436042E+01  3.1693955E+01  1.7070970E+01  8.0570781E+00  3.3534243E+00  1.2406766E+00  4.1143705E-01  1.2328254E-01  3.3625756E-02  8.4049676E-03  1.9369573E-03  4.1378725E-04  8.2340699E-05  1.5329300E-05  2.6804010E-06
   4.4175295E-07  6.8841178E-08  1.0173390E-08  1.4294836E-09  1.9144236E-10  2.4490894E-11  2.9989179E-12  3.5215601E-13  3.9725798E-14  4.3120034E-15  4.5103220E-16  4.5526791E-17  4.4404484E-18  4.1900595E-19  3.8295480E-20  3.3935942E-21
   2.8993531E-22  0.0000000E+00
   0.0000000E+00  1.4453437E+01  2.6391272E+01  3.4602510E+01  3.9368065E+01  4.1736282E+01  4.2758511E+01  4.3146813E+01  4.3278126E+01  4.3318061E+01  4.3329079E+01  4.3331858E+01  4.3332504E+01  4.3332642E+01  4.3332670E+01  4.3332675E+01
   4.3332676E+01  4.3332676E+01  4.3332675E+01  4.3332671E+01  4.3332648E+01  4.3332532E+01  4.3332002E+01  4.3329753E+01  4.3320984E+01  4.3289818E+01  4.3189671E+01  4.2901517E+01  4.2167441E+01  4.0533300E+01  3.7401886E+01  3.2322062E+01
   2.5464051E+01  1.7868625E+01  1.1010614E+01  5.9307901E+00  2.7993763E+00  1.1652350E+00  4.3115980E-01  1.4300529E-01  4.2858248E-02  1.1692427E-02  2.9233741E-03  6.7390753E-04  1.4401431E-04  2.8668686E-05  5.3394526E-06  9.3405359E-07
   1.5401589E-07  2.4014017E-08  3.5508223E-09  4.9923544E-10  6.6902649E-11  8.5645582E-12  1.0494839E-12  1.2333119E-13  1.3923635E-14  1.5125742E-15  1.5834996E-16  1.5997986E-17  1.5618088E-18  1.4751585E-19  1.3495780E-20  1.1971720E-21
   1.0238861E-22  0.0000000E+00
   0.0000000E+00  4.4950620E+00  8.2078285E+00  1.0761689E+01  1.2243966E+01  1.2980643E+01  1.3298666E+01  1.3419488E+01  1.3460355E+01  1.3472787E+01  1.3476217E+01  1.3477083E+01  1.3477284E+01  1.3477327E+01  1.3477336E+01  1.3477338E+01
   1.3477338E+01  1.3477338E+01  1.3477338E+01  1.3477336E+01  1.3477329E+01  1.3477293E+01  1.3477128E+01  1.3476427E+01  1.3473697E+01  1.3463996E+01  1.3432830E+01  1.3343174E+01  1.3114807E+01  1.2606496E+01  1.1632530E+01  1.0052636E+01
   7.9197640E+00  5.5575740E+00  3.4247020E+00  1.8448076E+00  8.7084175E-01  3.6253063E-01  1.3416452E-01  4.4507736E-02  1.3341915E-02  3.6408731E-03  9.1058262E-04  2.0998415E-04  4.4891110E-05  8.9402210E-06  1.6658667E-06  2.9156513E-07
   4.8102405E-08  7.5044804E-09  1.1103408E-09  1.5621446E-10  2.0949051E-11  2.6837859E-12  3.2912207E-13  3.8708719E-14  4.3738040E-15  4.7556529E-16  4.9832655E-17  5.0394090E-18  4.9246550E-19  4.6562416E-20  4.2644076E-21  3.7870053E-22
   3.2424805E-23  0.0000000E+00
   0.0000000E+00  1.2637566E+00  2.3076026E+00  3.0256598E+00  3.4424600E+00  3.6496302E+00  3.7390792E+00  3.7730690E+00  3.7845684E+00  3.7880673E+00  3.7890333E+00  3.7892771E+00  3.7893338E+00  3.7893459E+00  3.7893484E+00  3.7893488E+00
   3.7893489E+00  3.7893489E+00  3.7893488E+00  3.7893485E+00  3.7893464E+00  3.7893363E+00  3.7892898E+00  3.7890925E+00  3.7883238E+00  3.7855935E+00  3.7768245E+00  3.7516037E+00  3.6873754E+00  3.5444335E+00  3.2705752E+00  2.8263763E+00
   2.2267293E+00  1.5626197E+00  9.6297267E-01  5.1877370E-01  2.4491544E-01  1.0197350E-01  3.7745267E-02  1.2524479E-02  3.7554255E-03  1.0251350E-03  2.5647636E-04  5.9167732E-05  1.2654562E-05  2.5213979E-06  4.7006471E-07  8.2318055E-08
   1.3588958E-08  2.1213753E-09  3.1408575E-10  4.4220695E-11  5.9346944E-12  7.6090180E-13  9.3390230E-14  1.0993442E-14  1.2433151E-15  1.3531485E-16  1.4193155E-17  1.4367795E-18  1.4055547E-19  1.3304068E-20  1.2198320E-21  1.0845377E-22
   9.2969657E-24  0.0000000E+00
   0.0000000E+00  3.2387036E-01  5.9139202E-01  7.7543180E-01  8.8227008E-01  9.3538169E-01  9.5831774E-01  9.6703522E-01  9.6998528E-01  9.7088319E-01  9.7113117E-01  9.7119378E-01  9.7120834E-01  9.7121147E-01  9.7121210E-01  9.7121222E-01
   9.7121224E-01  9.7121224E-01  9.7121222E-01  9.7121212E-01  9.7121159E-01  9.7120899E-01  9.7119704E-01  9.7114637E-01  9.7094906E-01  9.7024846E-01  9.6799900E-01  9.6153099E-01  9.4506295E-01  9.0841938E-01  8.3822467E-01  7.2437959E-01
   5.7070301E-01  4.0050923E-01  2.4683265E-01  1.3298757E-01  6.2792864E-02  2.6149292E-02  9.6812541E-03  3.2132437E-03  9.6377710E-04  2.6317863E-04  6.5869998E-05  1.5202487E-05  3.2530061E-06  6.4849358E-07  1.2096700E-07  2.1196671E-08
   3.5013878E-09  5.4697958E-10  8.1043707E-11  1.1419099E-11  1.5337602E-12  1.9681489E-13  2.4177883E-14  2.8487546E-15  3.2249574E-16  3.5133896E-17  3.6890483E-18  3.7384909E-19  3.6613462E-20  3.4696060E-21  3.1850336E-22  2.8352556E-23
   2.4334914E-24  0.0000000E+00
   0.0000000E+00  7.6205585E-02  1.3915521E-01  1.8246472E-01  2.0760989E-01  2.2011227E-01  2.2551255E-01  2.2756561E-01  2.2826060E-01  2.2847221E-01  2.2853067E-01  2.2854544E-01  2.2854887E-01  2.2854961E-01  2.2854976E-01  2.2854979E-01
   2.2854979E-01  2.2854979E-01  2.2854979E-01  2.2854976E-01  2.2854964E-01  2.2854902E-01  2.2854621E-01  2.2853426E-01  2.2848774E-01  2.2832265E-01  2.2779276E-01  2.2626959E-01  2.2239248E-01  2.1376721E-01  1.9724730E-01  1.7045770E-01
   1.3429768E-01  9.4252117E-02  5.8092091E-02  3.1302493E-02  1.4782585E-02  6.1573171E-03  2.2802068E-03  7.5703661E-04  2.2714333E-04  6.2050264E-05  1.5537090E-05  3.5876077E-06  7.6807318E-07  1.5320390E-07  2.8595409E-08  5.0139618E-09
   8.2881210E-10  1.2957101E-10  1.9212998E-11  2.7093481E-12  3.6422133E-13  4.6779814E-14  5.7521327E-15  6.7841120E-16  7.6878757E-17  8.3843603E-18  8.8132451E-19  8.9415364E-20  8.7673250E-21  8.3182686E-22  7.6455547E-23  6.8146693E-24
   5.8566225E-25  0.0000000E+00
   0.0000000E+00  1.6566571E-02  3.0252096E-02  3.9668742E-02  4.5136813E-02  4.7856129E-02  4.9031005E-02  4.9477799E-02  4.9629096E-02  4.9675180E-02  4.9687918E-02  4.9691137E-02  4.9691886E-02  4.9692048E-02  4.9692080E-02  4.9692086E-02
   4.9692087E-02  4.9692087E-02  4.9692086E-02  4.9692081E-02  4.9692054E-02  4.9691920E-02  4.9691305E-02  4.9688700E-02  4.9678567E-02  4.9642616E-02  4.9527270E-02  4.9195822E-02  4.8352394E-02  4.6476506E-02  4.2884324E-02  3.7059860E-02
   2.9198798E-02  2.0493289E-02  1.2632228E-02  6.8077637E-03  3.2155814E-03  1.3396932E-03  4.9626509E-04  1.6481730E-04  4.9471240E-05  1.3520216E-05  3.3870130E-06  7.8249061E-07  1.6761905E-07  3.3454658E-08  6.2483922E-09  1.0963701E-09
   1.8136575E-10  2.8375839E-11  4.2111048E-12  5.9435240E-13  7.9972543E-14  1.0281303E-14  1.2654655E-15  1.4940445E-16  1.6948965E-17  1.8505040E-18  1.9474035E-19  1.9781023E-20  1.9419430E-21  1.8448078E-22  1.6978206E-23  1.5153314E-24
   1.3040586E-25  0.0000000E+00
   0.0000000E+00  3.3461254E-03  6.1105045E-03  8.0128289E-03  9.1176683E-03  9.6672407E-03  9.9047497E-03  9.9951021E-03  1.0025710E-02  1.0035037E-02  1.0037616E-02  1.0038268E-02  1.0038420E-02  1.0038453E-02  1.0038459E-02  1.0038460E-02
   1.0038461E-02  1.0038461E-02  1.0038460E-02  1.0038459E-02  1.0038454E-02  1.0038427E-02  1.0038302E-02  1.0037774E-02  1.0035723E-02  1.0028448E-02  1.0005115E-02  9.9380951E-03  9.7676063E-03  9.3885227E-03  8.6627669E-03  7.4861983E-03
   5.8983879E-03  4.1400728E-03  2.5522624E-03  1.3756938E-03  6.4993801E-04  2.7085437E-04  1.0036556E-04  3.3345418E-05  1.0013133E-05  2.7378245E-06  6.8622145E-07  1.5862524E-07  3.4000266E-08  6.7904891E-09  1.2691641E-09  2.2285943E-10
   3.6895419E-11  5.7773414E-12  8.5813603E-13  1.2122809E-13  1.6327415E-14  2.1011637E-15  2.5888982E-16  3.0598394E-17  3.4750891E-18  3.7985466E-19  4.0022557E-20  4.0703864E-21  4.0010841E-22  3.8059467E-23  3.5074344E-24  3.1347799E-25
   2.7014992E-26  0.0000000E+00
   0.0000000E+00  6.3365182E-04  1.1571764E-03  1.5174934E-03  1.7268023E-03  1.8309448E-03  1.8759665E-03  1.8930999E-03  1.8989065E-03  1.9006767E-03  1.9011665E-03  1.9012905E-03  1.9013193E-03  1.9013256E-03  1.9013268E-03  1.9013270E-03
   1.9013271E-03  1.9013271E-03  1.9013271E-03  1.9013269E-03  1.9013258E-03  1.9013206E-03  1.9012969E-03  1.9011967E-03  1.9008071E-03  1.8994265E-03  1.8950006E-03  1.8822930E-03  1.8499789E-03  1.7781505E-03  1.6406700E-03  1.4178335E-03
   1.1171454E-03  7.8418173E-04  4.8349355E-04  2.6065714E-04  1.2317657E-04  5.1348218E-05  1.9034076E-05  6.3265090E-06  1.9006468E-06  5.1995110E-07  1.3039715E-07  3.0160885E-08  6.4690830E-09  1.2929163E-09  2.4183331E-10  4.2498936E-11
   7.0418649E-12  1.1036482E-12  1.6408359E-13  2.3202638E-14  3.1282043E-15  4.0299476E-16  4.9708914E-17  5.8818710E-18  6.6880250E-19  7.3195058E-20  7.7217992E-21  7.8634923E-22  7.7399863E-23  7.3726595E-24  6.8040270E-25  6.0899559E-26
   5.2559233E-27  0.0000000E+00
   0.0000000E+00  1.3001798E-04  2.3744891E-04  3.1140159E-04  3.5437187E-04  3.7575895E-04  3.8500843E-04  3.8853003E-04  3.8972413E-04  3.9008839E-04  3.9018924E-04  3.9021477E-04  3.9022072E-04  3.9022201E-04  3.9022227E-04  3.9022231E-04
   3.9022232E-04  3.9022232E-04  3.9022232E-04  3.9022227E-04  3.9022206E-04  3.9022099E-04  3.9021611E-04  3.9019546E-04  3.9011526E-04  3.8983120E-04  3.8892116E-04  3.8630960E-04  3.7967167E-04  3.6492253E-04  3.3670139E-04  2.9096985E-04
   2.2927046E-04  1.6095187E-04  9.9252476E-05  5.3520934E-05  2.5299798E-05  1.0550653E-05  3.9127258E-06  1.3011660E-06  3.9112645E-07  1.0706580E-07  2.6869119E-08  6.2194279E-09  1.3350377E-09  2.6704759E-10  4.9994749E-11  8.7942451E-12
   1.4586204E-12  2.2884474E-13  3.4060602E-14  4.8219463E-15  6.5087655E-16  8.3954074E-17  1.0368970E-17  1.2285578E-18  1.3988665E-19  1.5331253E-20  1.6197607E-21  1.6519730E-22  1.6285504E-23  1.5537345E-24  1.4362436E-25  1.2876655E-26
   1.1131957E-27  0.0000000E+00
   0.0000000E+00  1.3001798E-04  2.3744891E-04  3.1140159E-04  3.5437187E-04  3.7575895E-04  3.8500843E-04  3.8853003E-04  3.8972413E-04  3.9008839E-04  3.9018924E-04  3.9021477E-04  3.9022072E-04  3.9022201E-04  3.9022227E-04  3.9022231E-04
   3.9022232E-04  3.9022232E-04  3.9022232E-04  3.9022227E-04  3.9022206E-04  3.9022099E-04  3.9021610E-04  3.9019545E-04  3.9011526E-04  3.8983120E-04  3.8892116E-04  3.8630960E-04  3.7967167E-04  3.6492253E-04  3.3670139E-04  2.9096985E-04
   2.2927046E-04  1.6095187E-04  9.9252476E-05  5.3520934E-05  2.5299798E-05  1.0550653E-05  3.9127258E-06  1.3011660E-06  3.9112645E-07  1.0706580E-07  2.6869119E-08  6.2194279E-09  1.3350377E-09  2.6704759E-10  4.9994749E-11  8.7942451E-12
   1.4586204E-12  2.2884474E-13  3.4060602E-14  4.8219463E-15  6.5087655E-16  8.3954074E-17  1.0368970E-17  1.2285578E-18  1.3988665E-19  1.5331253E-20  1.6197607E-21  1.6519730E-22  1.6285504E-23  1.5537345E-24  1.4362436E-25  1.2876655E-26
   1.1131957E-27  0.0000000E+00
   0.0000000E+00  6.3365182E-04  1.1571764E-03  1.5174934E-03  1.7268023E-03  1.8309448E-03  1.8759665E-03  1.8930999E-03  1.8989065E-03  1.9006767E-03  1.9011665E-03  1.9012905E-03  1.9013193E-03  1.9013256E-03  1.9013268E-03  1.9013270E-03
   1.9013271E-03  1.9013271E-03  1.9013271E-03  1.9013269E-03  1.9013258E-03  1.9013206E-03  1.9012969E-03  1.9011967E-03  1.9008071E-03  1.8994264E-03  1.8950006E-03  1.8822930E-03  1.8499789E-03  1.7781505E-03  1.6406700E-03  1.4178335E-03
   1.1171454E-03  7.8418173E-04  4.8349355E-04  2.6065714E-04  1.2317657E-04  5.1348218E-05  1.9034076E-05  6.3265090E-06  1.9006468E-06  5.1995110E-07  1.3039715E-07  3.0160885E-08  6.4690830E-09  1.2929163E-09  2.4183331E-10  4.2498936E-11
   7.0418649E-12  1.1036482E-12  1.6408359E-13  2.3202638E-14  3.1282043E-15  4.0299475E-16  4.9708914E-17  5.8818710E-18  6.6880250E-19  7.3195058E-20  7.7217992E-21  7.8634923E-22  7.7399863E-23  7.3726595E-24  6.8040270E-25  6.0899559E-26
   5.2559233E-27  0.0000000E+00
   0.0000000E+00  3.3461254E-03  6.1105045E-03  8.0128289E-03  9.1176683E-03  9.6672407E-03  9.9047497E-03  9.9951021E-03  1.0025710E-02  1.0035037E-02  1.0037616E-02  1.0038268E-02  1.0038420E-02  1.0038453E-02  1.0038459E-02  1.0038460E-02
   1.0038461E-02  1.0038461E-02  1.0038460E-02  1.0038459E-02  1.0038454E-02  1.0038427E-02  1.0038302E-02  1.0037774E-02  1.0035723E-02  1.0028448E-02  1.0005115E-02  9.9380951E-03  9.7676063E-03  9.3885226E-03  8.6627669E-03  7.4861983E-03
   5.8983879E-03  4.1400728E-03  2.5522624E-03  1.3756938E-03  6.4993801E-04  2.7085437E-04  1.0036556E-04  3.3345418E-05  1.0013133E-05  2.7378245E-06  6.8622145E-07  1.5862524E-07  3.4000266E-08  6.7904891E-09  1.2691641E-09  2.2285943E-10
   3.6895419E-11  5.7773414E-12  8.5813603E-13  1.2122809E-13  1.6327415E-14  2.1011637E-15  2.5888982E-16  3.0598394E-17  3.4750891E-18  3.7985466E-19  4.0022557E-20  4.0703864E-21  4.0010841E-22  3.8059467E-23  3.5074344E-24  3.1347799E-25
   2.7014992E-26  0.0000000E+00
   0.0000000E+00  1.6566571E-02  3.0252096E-02  3.9668742E-02  4.5136813E-02  4.7856129E-02  4.9031005E-02  4.9477799E-02  4.9629096E-02  4.9675180E-02  4.9687918E-02  4.9691137E-02  4.9691886E-02  4.9692048E-02  4.9692080E-02  4.9692086E-02
   4.9692087E-02  4.9692087E-02  4.9692086E-02  4.9692081E-02  4.9692054E-02  4.9691920E-02  4.9691305E-02  4.9688700E-02  4.9678567E-02  4.9642616E-02  4.9527270E-02  4.9195822E-02  4.8352394E-02  4.6476506E-02  4.2884324E-02  3.7059860E-02
   2.9198798E-02  2.0493289E-02  1.2632228E-02  6.8077637E-03  3.2155814E-03  1.3396932E-03  4.9626509E-04  1.6481730E-04  4.9471240E-05  1.3520216E-05  3.3870130E-06  7.8249061E-07  1.6761905E-07  3.3454658E-08  6.2483922E-09  1.0963701E-09
   1.8136575E-10  2.8375839E-11  4.2111048E-12  5.9435240E-13  7.9972543E-14  1.0281303E-14  1.2654655E-15  1.4940445E-16  1.6948965E-17  1.8505040E-18  1.9474035E-19  1.9781023E-20  1.9419430E-21  1.8448078E-22  1.6978206E-23  1.5153314E-24
   1.3040586E-25  0.0000000E+00
   0.0000000E+00  7.6205585E-02  1.3915521E-01  1.8246472E-01  2.0760989E-01  2.2011227E-01  2.2551255E-01  2.2756561E-01  2.2826060E-01  2.2847221E-01  2.2853067E-01  2.2854544E-01  2.2854887E-01  2.2854961E-01  2.2854976E-01  2.2854979E-01
   2.2854979E-01  2.2854979E-01  2.2854979E-01  2.2854976E-01  2.2854964E-01  2.2854902E-01  2.2854621E-01  2.2853426E-01  2.2848774E-01  2.2832265E-01  2.2779276E-01  2.2626959E-01  2.2239248E-01  2.1376721E-01  1.9724730E-01  1.7045770E-01
   1.3429768E-01  9.4252117E-02  5.8092091E-02  3.1302493E-02  1.4782585E-02  6.1573171E-03  2.2802068E-03  7.5703661E-04  2.2714333E-04  6.2050264E-05  1.5537090E-05  3.5876077E-06  7.6807318E-07  1.5320390E-07  2.8595409E-08  5.0139618E-09
   8.2881210E-10  1.2957101E-10  1.9212998E-11  2.7093481E-12  3.6422133E-13  4.6779814E-14  5.7521327E-15  6.7841120E-16  7.6878757E-17  8.3843603E-18  8.8132451E-19  8.9415364E-20  8.7673250E-21  8.3182686E-22  7.6455547E-23  6.8146693E-24
   5.8566225E-25  0.0000000E+00
   0.0000000E+00  3.2387036E-01  5.9139202E-01  7.7543180E-01  8.8227008E-01  9.3538169E-01  9.5831774E-01  9.6703522E-01  9.6998528E-01  9.7088319E-01  9.7113117E-01  9.7119378E-01  9.7120834E-01  9.7121147E-01  9.7121210E-01  9.7121222E-01
   9.7121224E-01  9.7121224E-01  9.7121222E-01  9.7121212E-01  9.7121159E-01  9.7120899E-01  9.7119704E-01  9.7114637E-01  9.7094906E-01  9.7024846E-01  9.6799900E-01  9.6153099E-01  9.4506295E-01  9.0841938E-01  8.3822467E-01  7.2437959E-01
   5.7070301E-01  4.0050923E-01  2.4683265E-01  1.3298757E-01  6.2792864E-02  2.6149292E-02  9.6812541E-03  3.2132437E-03  9.6377710E-04  2.6317863E-04  6.5869998E-05  1.5202487E-05  3.2530061E-06  6.4849358E-07  1.2096700E-07  2.1196671E-08
   3.5013878E-09  5.4697958E-10  8.1043707E-11  1.1419099E-11  1.5337602E-12  1.9681489E-13  2.4177883E-14  2.8487546E-15  3.2249574E-16  3.5133896E-17  3.6890483E-18  3.7384909E-19  3.6613462E-20  3.4696060E-21  3.1850336E-22  2.8352556E-23
   2.4334914E-24  0.0000000E+00
   0.0000000E+00  1.2637566E+00  2.3076026E+00  3.0256598E+00  3.4424600E+00  3.6496302E+00  3.7390792E+00  3.7730690E+00  3.7845684E+00  3.7880673E+00  3.7890333E+00  3.7892771E+00  3.7893338E+00  3.7893459E+00  3.7893484E+00  3.7893488E+00
   3.7893489E+00  3.7893489E+00  3.7893488E+00  3.7893485E+00  3.7893464E+00  3.7893363E+00  3.7892898E+00  3.7890925E+00  3.7883238E+00  3.7855935E+00  3.7768245E+00  3.7516037E+00  3.6873754E+00  3.5444335E+00  3.2705752E+00  2.8263763E+00
   2.2267293E+00  1.5626197E+00  9.6297267E-01  5.1877370E-01  2.4491544E-01  1.0197350E-01  3.7745267E-02  1.2524479E-02  3.7554255E-03  1.0251350E-03  2.5647636E-04  5.9167732E-05  1.2654562E-05  2.5213979E-06  4.7006471E-07  8.2318055E-08
   1.3588958E-08  2.1213753E-09  3.1408575E-10  4.4220695E-11  5.9346944E-12  7.6090180E-13  9.3390230E-14  1.0993442E-14  1.2433151E-15  1.3531485E-16  1.4193155E-17  1.4367795E-18  1.4055547E-19  1.3304068E-20  1.2198320E-21  1.0845377E-22
   9.2969657E-24  0.0000000E+00
   0.0000000E+00  4.4950620E+00  8.2078285E+00  1.0761689E+01  1.2243966E+01  1.2980643E+01  1.3298666E+01  1.3419488E+01  1.3460355E+01  1.3472787E+01  1.3476217E+01  1.3477083E+01  1.3477284E+01  1.3477327E+01  1.3477336E+01  1.3477338E+01
   1.3477338E+01  1.3477338E+01  1.3477338E+01  1.3477336E+01  1.3477329E+01  1.3477293E+01  1.3477128E+01  1.3476427E+01  1.3473697E+01  1.3463996E+01  1.3432830E+01  1.3343174E+01  1.3114807E+01  1.2606496E+01  1.1632530E+01  1.0052636E+01
   7.9197640E+00  5.5575740E+00  3.4247020E+00  1.8448076E+00  8.7084175E-01  3.6253063E-01  1.3416452E-01  4.4507736E-02  1.3341915E-02  3.6408731E-03  9.1058262E-04  2.0998415E-04  4.4891110E-05  8.9402210E-06  1.6658667E-06  2.9156513E-07
   4.8102405E-08  7.5044804E-09  1.1103408E-09  1.5621446E-10  2.0949051E-11  2.6837859E-12  3.2912207E-13  3.8708719E-14  4.3738040E-15  4.7556529E-16  4.9832655E-17  5.0394090E-18  4.9246550E-19  4.6562416E-20  4.2644076E-21  3.7870053E-22
   3.2424805E-23  0.0000000E+00
   0.0000000E+00  1.4453437E+01  2.6391272E+01  3.4602510E+01  3.9368065E+01  4.1736282E+01  4.2758511E+01  4.3146813E+01  4.3278126E+01  4.3318061E+01  4.3329079E+01  4.3331858E+01  4.3332504E+01  4.3332642E+01  4.3332670E+01  4.3332675E+01
   4.3332676E+01  4.3332676E+01  4.3332675E+01  4.3332671E+01  4.3332648E+01  4.3332532E+01  4.3332002E+01  4.3329753E+01  4.3320984E+01  4.3289818E+01  4.3189671E+01  4.2901517E+01  4.2167441E+01  4.0533300E+01  3.7401886E+01  3.2322062E+01
   2.5464051E+01  1.7868625E+01  1.1010614E+01  5.9307901E+00  2.7993763E+00  1.1652350E+00  4.3115980E-01  1.4300529E-01  4.2858248E-02  1.1692427E-02  2.9233741E-03  6.7390753E-04  1.4401431E-04  2.8668686E-05  5.3394526E-06  9.3405359E-07
   1.5401589E-07  2.4014017E-08  3.5508223E-09  4.9923544E-10  6.6902649E-11  8.5645582E-12  1.0494839E-12  1.2333119E-13  1.3923635E-14  1.5125742E-15  1.5834996E-16  1.5997986E-17  1.5618088E-18  1.4751585E-19  1.3495780E-20  1.1971720E-21
   1.0238861E-22  0.0000000E+00
   0.0000000E+00  4.1607061E+01  7.5972133E+01  9.9609011E+01  1.1332656E+02  1.2014296E+02  1.2308494E+02  1.2420234E+02  1.2458015E+02  1.2469503E+02  1.2472672E+02  1.2473471E+02  1.2473656E+02  1.2473696E+02  1.2473704E+02  1.2473706E+02
   1.2473706E+02  1.2473706E+02  1.2473706E+02  1.2473704E+02  1.2473698E+02  1.2473664E+02  1.2473512E+02  1.2472865E+02  1.2470343E+02  1.2461378E+02  1.2432562E+02  1.2349638E+02  1.2138363E+02  1.1667998E+02  1.0766609E+02  9.3043103E+01
   7.3301016E+01  5.1436042E+01  3.1693955E+01  1.7070970E+01  8.0570781E+00  3.3534243E+00  1.2406766E+00  4.1143705E-01  1.2328254E-01  3.3625756E-02  8.4049676E-03  1.9369573E-03  4.1378725E-04  8.2340699E-05  1.5329300E-05  2.6804010E-06
   4.4175295E-07  6.8841178E-08  1.0173390E-08  1.4294836E-09  1.9144236E-10  2.4490894E-11  2.9989179E-12  3.5215601E-13  3.9725798E-14  4.3120034E-15  4.5103220E-16  4.5526791E-17  4.4404484E-18  4.1900595E-19  3.8295480E-20  3.3935942E-21
   2.8993531E-22  0.0000000E+00
   0.0000000E+00  1.0602981E+02  1.9360416E+02  2.5383865E+02  2.8879459E+02  3.0616381E+02  3.1365993E+02  3.1650676E+02  3.1746920E+02  3.1776179E+02  3.1784249E+02  3.1786283E+02  3.1786756E+02  3.1786857E+02  3.1786877E+02  3.1786881E+02
   3.1786882E+02  3.1786882E+02  3.1786881E+02  3.1786878E+02  3.1786861E+02  3.1786776E+02  3.1786389E+02  3.1784742E+02  3.1778319E+02  3.1755483E+02  3.1682075E+02  3.1470800E+02  3.0932463E+02  2.9733877E+02  2.7436869E+02  2.3710429E+02
   1.8679434E+02  1.3107448E+02  8.0764531E+01  4.3500122E+01  2.0530045E+01  8.5441874E+00  3.1608152E+00  1.0480675E+00  3.1399237E-01  8.5626250E-02  2.1398017E-02  4.9299793E-03  1.0528694E-03  2.0944450E-04  3.8977890E-05  6.8127413E-06
   1.1223085E-06  1.7481407E-07  2.5821036E-08  3.6262004E-09  4.8535563E-10  6.2052745E-11  7.5934697E-12  8.9107709E-13  1.0044829E-13  1.0894924E-14  1.1387108E-15  1.1484694E-16  1.1192101E-17  1.0551725E-18  9.6350842E-20  8.5301987E-21
   7.2808840E-22  0.0000000E+00
   0.0000000E+00  2.3608410E+02  4.3107613E+02  5.6519359E+02  6.4302544E+02  6.8169833E+02  6.9838784E+02  7.0472564E+02  7.0686809E+02  7.0751934E+02  7.0769893E+02  7.0774420E+02  7.0775470E+02  7.0775695E+02  7.0775740E+02  7.0775749E+02
   7.0775750E+02  7.0775750E+02  7.0775749E+02  7.0775742E+02  7.0775704E+02  7.0775516E+02  7.0774654E+02  7.0770989E+02  7.0756695E+02  7.0705864E+02  7.0542450E+02  7.0072085E+02  6.8873499E+02  6.6204795E+02  6.1090314E+02  5.2793049E+02
   4.1591111E+02  2.9184639E+02  1.7982701E+02  9.6854362E+01  4.5709552E+01  1.9022516E+01  7.0366585E+00  2.3330048E+00  6.9886345E-01  1.9055233E-01  4.7610389E-02  1.0966817E-02  2.3415504E-03  4.6566919E-04  8.6634796E-05  1.5137261E-05
   2.4927283E-06  3.8811658E-07  5.7301840E-08  8.0434388E-09  1.0760468E-09  1.3749893E-10  1.6816363E-11  1.9721817E-12  2.2217772E-13  2.4082138E-14  2.5152658E-15  2.5349906E-16  2.4685507E-17  2.3254906E-18  2.1217524E-19  1.8768689E-20
   1.6006171E-21  0.0000000E+00
   0.0000000E+00  4.5243947E+02  8.2613123E+02  1.0831623E+03  1.2323247E+03  1.3064396E+03  1.3384236E+03  1.3505689E+03  1.3546743E+03  1.3559221E+03  1.3562661E+03  1.3563528E+03  1.3563730E+03  1.3563773E+03  1.3563781E+03  1.3563783E+03
   1.3563783E+03  1.3563783E+03  1.3563783E+03  1.3563782E+03  1.3563774E+03  1.3563739E+03  1.3563573E+03  1.3562871E+03  1.3560133E+03  1.3550393E+03  1.3519079E+03  1.3428940E+03  1.3199239E+03  1.2687791E+03  1.1707616E+03  1.0117480E+03
   7.9706979E+02  5.5930854E+02  3.4463033E+02  1.8561678E+02  8.7599216E+01  3.6454406E+01  1.3484328E+01  4.4704361E+00  1.3390223E+00  3.6505651E-01  9.1198256E-02  2.1003548E-02  4.4836418E-03  8.9147283E-04  1.6581124E-04  2.8963271E-05
   4.7680591E-06  7.4213506E-07  1.0952949E-07  1.5368581E-08  2.0551354E-09  2.6249060E-10  3.2087774E-11  3.7612790E-12  4.2350485E-13  4.5878627E-14  4.7890028E-15  4.8236068E-16  4.6941888E-17  4.4192115E-18  4.0292618E-19  3.5616763E-20
   3.0352281E-21  0.0000000E+00
   0.0000000E+00  7.3396936E+02  1.3401955E+03  1.7571727E+03  1.9991589E+03  2.1193959E+03  2.1712833E+03  2.1909861E+03  2.1976458E+03  2.1996699E+03  2.2002280E+03  2.2003686E+03  2.2004012E+03  2.2004082E+03  2.2004096E+03  2.2004099E+03
   2.2004099E+03  2.2004099E+03  2.2004099E+03  2.2004097E+03  2.2004085E+03  2.2004027E+03  2.2003759E+03  2.2002620E+03  2.1998178E+03  2.1982379E+03  2.1931581E+03  2.1785351E+03  2.1412707E+03  2.0582981E+03  1.8992845E+03  1.6413209E+03
   1.2930584E+03  9.0735153E+02  5.5908904E+02  3.0112541E+02  1.4211187E+02  5.9139216E+01  2.1874807E+01  7.2518215E+00  2.1719977E+00  5.9210325E-01  1.4790428E-01  3.4059199E-02  7.2696039E-03  1.4451615E-03  2.6874531E-04  4.6933548E-05
   7.7246069E-06  1.2020065E-06  1.7735123E-07  2.4877475E-08  3.3256197E-09  4.2461542E-10  5.1887384E-11  6.0797860E-12  6.8427732E-13  7.4096168E-14  7.7309462E-15  7.7830967E-16  7.5705058E-17  7.1233439E-18  6.4912820E-19  5.7347772E-20
   4.8843341E-21  0.0000000E+00
   0.0000000E+00  9.9086615E+02  1.8092933E+03  2.3722340E+03  2.6989316E+03  2.8612610E+03  2.9313130E+03  2.9579131E+03  2.9669040E+03  2.9696365E+03  2.9703898E+03  2.9705796E+03  2.9706237E+03  2.9706331E+03  2.9706350E+03  2.9706354E+03
   2.9706354E+03  2.9706354E+03  2.9706354E+03  2.9706351E+03  2.9706335E+03  2.9706256E+03  2.9705895E+03  2.9704358E+03  2.9698361E+03  2.9677033E+03  2.9608453E+03  2.9411032E+03  2.8907932E+03  2.7787738E+03  2.5640956E+03  2.2158331E+03
   1.7456684E+03  1.2249670E+03  7.5480230E+02  4.0653981E+02  1.9186159E+02  7.9842209E+01  2.9532265E+01  9.7901782E+00  2.9321669E+00  7.9929487E-01  1.9964787E-01  4.5971285E-02  9.8112637E-03  1.9502315E-03  3.6262672E-04  6.3320583E-05
   1.0420150E-05  1.6211898E-06  2.3915759E-07  3.3540739E-08  4.4827937E-09  5.7223614E-10  6.9909820E-11  8.1894585E-12  9.2147419E-13  9.9752691E-14  1.0404786E-14  1.0471728E-15  1.0182400E-16  9.5777286E-18  8.7248204E-19  7.7052041E-20
   6.5601089E-21  0.0000000E+00
   0.0000000E+00  1.1295287E+03  2.0359370E+03  2.6594051E+03  3.0212311E+03  3.2010157E+03  3.2786005E+03  3.3080609E+03  3.3180186E+03  3.3210449E+03  3.3218792E+03  3.3220894E+03  3.3221381E+03  3.3221486E+03  3.3221507E+03  3.3221511E+03
   3.3221512E+03  3.3221512E+03  3.3221511E+03  3.3221508E+03  3.3221490E+03  3.3221403E+03  3.3221003E+03  3.3219301E+03  3.3212660E+03  3.3189038E+03  3.3113083E+03  3.2894434E+03  3.2337235E+03  3.1096588E+03  2.8718975E+03  2.4861907E+03
   1.9654892E+03  1.3566620E+03  8.3596051E+02  4.5025364E+02  2.1249239E+02  8.8427671E+01  3.2707804E+01  1.0842830E+01  3.2474040E+00  8.8521402E-01  2.2110444E-01  5.0910666E-02  1.0865112E-02  2.1596344E-03  4.0154700E-04  7.0113502E-05
   1.1537416E-05  1.7949152E-06  2.6476913E-07  3.7130141E-08  4.9621644E-09  6.3337919E-10  7.7373187E-11  9.0629375E-12  1.0196619E-12  1.1037090E-13  1.1511127E-14  1.1583921E-15  1.1262576E-16  1.0592496E-17  9.6480230E-19  8.5194187E-20
   7.2523640E-21  0.0000000E+00
